0
-0.023205282
-0.046375317
-0.069474991
-0.092469453
-0.11532424
-0.13800543
-0.16047971
-0.18271457
-0.20467834
-0.22634038
-0.24767111
-0.26864216
-0.28922643
-0.3093982
-0.32913317
-0.34840856
-0.36720312
-0.38549726
-0.403273
-0.42051406
-0.43720587
-0.45333554
-0.46889195
-0.48386566
-0.49824896
-0.51203579
-0.52522177
-0.53780413
-0.54978168
-0.56115474
-0.57192513
-0.58209605
-0.59167208
-0.60065906
-0.60906403
-0.61689517
-0.62416171
-0.63087386
-0.63704272
-0.6426802
-0.64779892
-0.65241218
-0.65653384
-0.66017822
-0.66336008
-0.66609451
-0.66839686
-0.67028265
-0.67176756
-0.67286731
-0.67359761
-0.67397413
-0.67401243
-0.67372788
-0.67313568
-0.67225077
-0.67108779
-0.66966107
-0.66798459
-0.66607196
-0.66393639
-0.66159066
-0.65904713
-0.6563177
-0.65341384
-0.65034652
-0.64712629
-0.64376319
-0.64026682
-0.63664631
-0.63291033
-0.62906712
-0.62512444
-0.62108965
-0.61696967
-0.61277104
-0.60849986
-0.60416189
-0.59976249
-0.59530669
-0.59079917
-0.58624429
-0.58164611
-0.57700839
-0.57233461
-0.567628
-0.56289153
-0.55812795
-0.55333979
-0.54852936
-0.5436988
-0.53885005
-0.5339849
-0.52910498
-0.52421177
-0.51930663
-0.51439078
-0.50946535
-0.50453133
-0.49958966
-0.49464114
-0.48968653
-0.4847265
-0.47976166
-0.47479254
-0.46981963
-0.46484336
-0.45986414
-0.45488229
-0.44989814
-0.44491196
-0.43992399
-0.43493446
-0.42994355
-0.42495144
-0.41995828
-0.41496419
-0.4099693
-0.40497372
-0.39997752
-0.3949808
-0.38998362
-0.38498604
-0.37998812
-0.3749899
-0.36999142
-0.36499273
-0.35999384
-0.35499479
-0.34999559
-0.34499628
-0.33999686
-0.33499736
-0.32999778
-0.32499813
-0.31999843
-0.31499869
-0.3099989
-0.30499908
-0.29999923
-0.29499936
-0.28999947
-0.28499956
-0.27999963
-0.27499969
-0.26999975
-0.26499979
-0.25999983
-0.25499986
-0.24999988
-0.2449999
-0.23999992
-0.23499993
-0.22999995
-0.22499996
-0.21999996
-0.21499997
-0.20999998
-0.20499998
-0.19999998
-0.19499999
-0.18999999
-0.18499999
-0.17999999
-0.17499999
-0.17
-0.165
-0.16
-0.155
-0.15
-0.145
-0.14
-0.135
-0.13
-0.125
-0.12
-0.115
-0.11
-0.105
-0.1
-0.095
-0.09
-0.085
-0.08
-0.075
-0.07
-0.065
-0.06
-0.055
-0.05
-0.045
-0.04
-0.035
-0.03
-0.025
-0.02
-0.015
-0.01
-0.005
0
