0
-0.00051784965
-0.0010355715
-0.0015530377
-0.0020701206
-0.0025866924
-0.0031026258
-0.0036177934
-0.0041320679
-0.0046453225
-0.0051574304
-0.0056682653
-0.0061777011
-0.006685612
-0.0071918727
-0.0076963581
-0.0081989438
-0.0086995057
-0.0091979203
-0.0096940645
-0.010187816
-0.010679053
-0.011167653
-0.011653498
-0.012136465
-0.012616438
-0.013093296
-0.013566922
-0.014037199
-0.014504012
-0.014967245
-0.015426783
-0.015882514
-0.016334324
-0.016782103
-0.01722574
-0.017665125
-0.018100149
-0.018530707
-0.01895669
-0.019377995
-0.019794516
-0.020206153
-0.020612801
-0.021014363
-0.021410738
-0.021801828
-0.022187537
-0.02256777
-0.022942433
-0.023311434
-0.023674682
-0.024032086
-0.024383559
-0.024729014
-0.025068366
-0.025401531
-0.025728427
-0.026048973
-0.02636309
-0.026670701
-0.02697173
-0.027266102
-0.027553745
-0.027834588
-0.028108562
-0.028375599
-0.028635633
-0.028888601
-0.029134439
-0.029373087
-0.029604486
-0.02982858
-0.030045312
-0.030254631
-0.030456483
-0.030650819
-0.030837591
-0.031016753
-0.031188262
-0.031352074
-0.031508149
-0.03165645
-0.031796939
-0.031929581
-0.032054345
-0.032171198
-0.032280114
-0.032381064
-0.032474023
-0.03255897
-0.032635883
-0.032704743
-0.032765533
-0.032818238
-0.032862846
-0.032899345
-0.032927726
-0.032947983
-0.03296011
-0.032964105
-0.032959966
-0.032947695
-0.032927295
-0.03289877
-0.032862129
-0.032817379
-0.032764533
-0.032703603
-0.032634604
-0.032557554
-0.03247247
-0.032379376
-0.032278293
-0.032169246
-0.032052263
-0.031927372
-0.031794605
-0.031653993
-0.031505573
-0.031349379
-0.031185452
-0.031013831
-0.030834559
-0.03064768
-0.030453241
-0.030251289
-0.030041874
-0.029825047
-0.029600864
-0.029369378
-0.029130647
-0.02888473
-0.028631687
-0.028371582
-0.028104477
-0.02783044
-0.027549538
-0.027261839
-0.026967416
-0.026666341
-0.026358688
-0.026044532
-0.025723953
-0.025397028
-0.025063838
-0.024724466
-0.024378995
-0.02402751
-0.023670099
-0.02330685
-0.022937851
-0.022563195
-0.022182973
-0.021797279
-0.021406209
-0.021009859
-0.020608327
-0.020201712
-0.019790114
-0.019373634
-0.018952377
-0.018526444
-0.018095942
-0.017660976
-0.017221655
-0.016778086
-0.016330378
-0.015878643
-0.015422991
-0.014963536
-0.01450039
-0.014033667
-0.013563483
-0.013089954
-0.012613196
-0.012133327
-0.011650466
-0.011164731
-0.010676243
-0.010185121
-0.0096914876
-0.0091954638
-0.008697172
-0.0081967352
-0.0076942767
-0.0071899206
-0.0066837913
-0.0061760134
-0.0056667124
-0.0051560137
-0.0046440434
-0.0041309278
-0.0036167933
-0.0031017668
-0.0025859753
-0.002069546
-0.0015526062
-0.0010352836
-0.00051770565
0
