0
-7.1939236e-05
-0.00014386072
-0.00021574671
-0.00028757947
-0.00035934127
-0.00043101442
-0.00050258121
-0.000574024
-0.00064532516
-0.00071646709
-0.00078743224
-0.00085820311
-0.00092876223
-0.00099909219
-0.0010691756
-0.0011389953
-0.0012085339
-0.0012777743
-0.0013466995
-0.0014152924
-0.001483536
-0.0015514137
-0.0016189085
-0.0016860039
-0.0017526833
-0.0018189303
-0.0018847284
-0.0019500616
-0.0020149136
-0.0020792684
-0.0021431102
-0.0022064232
-0.0022691919
-0.0023314006
-0.0023930341
-0.0024540771
-0.0025145147
-0.0025743318
-0.0026335137
-0.0026920459
-0.0027499138
-0.0028071033
-0.0028636001
-0.0029193904
-0.0029744603
-0.0030287964
-0.0030823851
-0.0031352134
-0.003187268
-0.0032385362
-0.0032890054
-0.0033386631
-0.003387497
-0.003435495
-0.0034826455
-0.0035289366
-0.003574357
-0.0036188955
-0.0036625411
-0.003705283
-0.0037471107
-0.0037880138
-0.0038279823
-0.0038670063
-0.0039050762
-0.0039421826
-0.0039783163
-0.0040134684
-0.0040476302
-0.0040807933
-0.0041129496
-0.0041440911
-0.00417421
-0.0042032991
-0.004231351
-0.0042583589
-0.0042843161
-0.0043092163
-0.0043330532
-0.004355821
-0.004377514
-0.004398127
-0.0044176548
-0.0044360926
-0.0044534358
-0.0044696803
-0.0044848219
-0.0044988569
-0.0045117819
-0.0045235938
-0.0045342894
-0.0045438664
-0.0045523221
-0.0045596547
-0.0045658622
-0.0045709432
-0.0045748964
-0.0045777208
-0.0045794157
-0.0045799807
-0.0045794156
-0.0045777207
-0.0045748962
-0.004570943
-0.004565862
-0.0045596544
-0.0045523218
-0.0045438659
-0.004534289
-0.0045235932
-0.0045117814
-0.0044988563
-0.0044848212
-0.0044696795
-0.004453435
-0.0044360917
-0.0044176539
-0.004398126
-0.004377513
-0.0043558199
-0.0043330521
-0.0043092152
-0.004284315
-0.0042583577
-0.0042313498
-0.0042032978
-0.0041742087
-0.0041440897
-0.0041129483
-0.004080792
-0.0040476288
-0.0040134669
-0.0039783148
-0.0039421811
-0.0039050747
-0.0038670048
-0.0038279808
-0.0037880122
-0.0037471091
-0.0037052814
-0.0036625394
-0.0036188938
-0.0035743553
-0.0035289349
-0.0034826438
-0.0034354933
-0.0033874953
-0.0033386614
-0.0032890037
-0.0032385345
-0.0031872663
-0.0031352116
-0.0030823834
-0.0030287947
-0.0029744587
-0.0029193887
-0.0028635984
-0.0028071016
-0.0027499122
-0.0026920443
-0.0026335121
-0.0025743302
-0.0025145131
-0.0024540756
-0.0023930326
-0.0023313991
-0.0022691904
-0.0022064218
-0.0021431088
-0.002079267
-0.0020149122
-0.0019500603
-0.0018847272
-0.001818929
-0.0017526821
-0.0016860027
-0.0016189074
-0.0015514126
-0.001483535
-0.0014152914
-0.0013466985
-0.0012777734
-0.001208533
-0.0011389945
-0.0010691749
-0.00099909146
-0.00092876155
-0.00085820248
-0.00078743166
-0.00071646656
-0.00064532468
-0.00057402357
-0.00050258084
-0.00043101409
-0.00035934101
-0.00028757926
-0.00021574655
-0.00014386062
-7.1939183e-05
0
