0
-0.0049735117
-0.0099454654
-0.014914304
-0.019878471
-0.024836413
-0.029786579
-0.034727423
-0.039657401
-0.044574976
-0.049478616
-0.054366796
-0.059237997
-0.06409071
-0.068923432
-0.073734672
-0.078522948
-0.083286786
-0.088024728
-0.092735325
-0.097417141
-0.10206875
-0.10668876
-0.11127575
-0.11582836
-0.12034522
-0.12482499
-0.12926633
-0.13366794
-0.13802851
-0.14234677
-0.14662147
-0.15085136
-0.15503523
-0.15917188
-0.16326014
-0.16729885
-0.17128687
-0.1752231
-0.17910645
-0.18293584
-0.18671025
-0.19042865
-0.19409005
-0.19769347
-0.20123798
-0.20472264
-0.20814658
-0.21150891
-0.21480879
-0.21804541
-0.22121797
-0.2243257
-0.22736787
-0.23034377
-0.2332527
-0.23609401
-0.23886706
-0.24157125
-0.244206
-0.24677076
-0.249265
-0.25168823
-0.25403997
-0.25631978
-0.25852724
-0.26066197
-0.2627236
-0.26471179
-0.26662623
-0.26846664
-0.27023277
-0.27192438
-0.27354126
-0.27508324
-0.27655017
-0.27794192
-0.27925838
-0.28049947
-0.28166516
-0.28275539
-0.28377018
-0.28470954
-0.28557351
-0.28636217
-0.2870756
-0.28771391
-0.28827724
-0.28876575
-0.28917962
-0.28951904
-0.28978424
-0.28997546
-0.29009296
-0.29013703
-0.29010797
-0.29000609
-0.28983175
-0.28958529
-0.28926709
-0.28887755
-0.28841708
-0.28788611
-0.28728507
-0.28661443
-0.28587467
-0.28506627
-0.28418974
-0.28324561
-0.28223439
-0.28115665
-0.28001293
-0.27880382
-0.27752989
-0.27619174
-0.27478999
-0.27332523
-0.27179812
-0.27020927
-0.26855935
-0.26684901
-0.26507892
-0.26324974
-0.26136217
-0.2594169
-0.25741462
-0.25535603
-0.25324186
-0.25107282
-0.24884962
-0.24657301
-0.24424372
-0.24186248
-0.23943004
-0.23694715
-0.23441456
-0.23183303
-0.22920332
-0.22652618
-0.22380239
-0.2210327
-0.2182179
-0.21535876
-0.21245604
-0.20951052
-0.20652297
-0.20349419
-0.20042494
-0.197316
-0.19416815
-0.19098217
-0.18775884
-0.18449894
-0.18120325
-0.17787255
-0.17450761
-0.17110921
-0.16767813
-0.16421515
-0.16072103
-0.15719656
-0.1536425
-0.15005962
-0.14644869
-0.14281049
-0.13914577
-0.1354553
-0.13173985
-0.12800017
-0.12423702
-0.12045116
-0.11664334
-0.11281433
-0.10896486
-0.10509569
-0.10120758
-0.097301256
-0.093377472
-0.089436971
-0.085480492
-0.081508774
-0.077522557
-0.073522574
-0.069509561
-0.06548425
-0.061447373
-0.05739966
-0.05334184
-0.049274639
-0.045198785
-0.041115001
-0.037024013
-0.032926544
-0.028823315
-0.024715049
-0.020602467
-0.016486288
-0.012367232
-0.0082460196
-0.0041233692
0
