0
-0.0013928636
-0.0027853808
-0.0041772053
-0.0055679908
-0.0069573915
-0.0083450618
-0.0097306566
-0.011113831
-0.012494242
-0.013871546
-0.015245399
-0.016615462
-0.017981392
-0.019342851
-0.0206995
-0.022051002
-0.023397021
-0.024737222
-0.026071272
-0.027398841
-0.028719597
-0.030033214
-0.031339365
-0.032637724
-0.033927971
-0.035209785
-0.036482846
-0.037746841
-0.039001454
-0.040246375
-0.041481295
-0.042705907
-0.043919908
-0.045122996
-0.046314875
-0.047495247
-0.048663822
-0.049820308
-0.050964421
-0.052095876
-0.053214394
-0.054319697
-0.055411513
-0.056489571
-0.057553605
-0.058603352
-0.059638552
-0.06065895
-0.061664293
-0.062654334
-0.063628828
-0.064587535
-0.065530218
-0.066456645
-0.067366588
-0.068259822
-0.069136128
-0.06999529
-0.070837097
-0.071661341
-0.07246782
-0.073256337
-0.074026696
-0.07477871
-0.075512195
-0.076226969
-0.076922859
-0.077599693
-0.078257307
-0.078895539
-0.079514234
-0.08011324
-0.080692413
-0.081251609
-0.081790694
-0.082309536
-0.08280801
-0.083285994
-0.083743372
-0.084180034
-0.084595874
-0.084990792
-0.085364693
-0.085717487
-0.086049088
-0.086359419
-0.086648404
-0.086915976
-0.087162069
-0.087386627
-0.087589597
-0.087770931
-0.087930586
-0.088068527
-0.088184722
-0.088279145
-0.088351775
-0.088402598
-0.088431603
-0.088438786
-0.088424149
-0.088387696
-0.088329441
-0.0882494
-0.088147596
-0.088024057
-0.087878815
-0.08771191
-0.087523385
-0.08731329
-0.087081678
-0.08682861
-0.086554151
-0.086258371
-0.085941345
-0.085603154
-0.085243884
-0.084863626
-0.084462477
-0.084040537
-0.083597913
-0.083134716
-0.082651063
-0.082147076
-0.081622879
-0.081078606
-0.080514392
-0.079930378
-0.07932671
-0.078703538
-0.078061019
-0.077399312
-0.076718582
-0.076018999
-0.075300736
-0.074563971
-0.073808889
-0.073035676
-0.072244525
-0.07143563
-0.070609194
-0.06976542
-0.068904518
-0.0680267
-0.067132184
-0.066221191
-0.065293946
-0.064350677
-0.063391619
-0.062417008
-0.061427085
-0.060422092
-0.05940228
-0.058367898
-0.057319201
-0.056256449
-0.055179903
-0.054089827
-0.052986491
-0.051870165
-0.050741125
-0.049599648
-0.048446014
-0.047280508
-0.046103416
-0.044915026
-0.043715631
-0.042505526
-0.041285007
-0.040054374
-0.03881393
-0.037563978
-0.036304826
-0.035036781
-0.033760156
-0.032475263
-0.031182418
-0.029881937
-0.028574139
-0.027259344
-0.025937875
-0.024610056
-0.023276212
-0.021936669
-0.020591756
-0.019241803
-0.017887139
-0.016528096
-0.015165008
-0.013798208
-0.01242803
-0.011054811
-0.0096788855
-0.0083005913
-0.0069202655
-0.005538246
-0.0041548709
-0.002770479
-0.001385409
0
