0
-0.00019299826
-0.00038594889
-0.0005788043
-0.00077151689
-0.00096403911
-0.0011563235
-0.0013483225
-0.0015399889
-0.0017312753
-0.0019221345
-0.0021125194
-0.0023023831
-0.0024916787
-0.0026803595
-0.002868379
-0.0030556907
-0.0032422485
-0.0034280062
-0.0036129181
-0.0037969386
-0.0039800222
-0.0041621238
-0.0043431985
-0.0045232015
-0.0047020884
-0.0048798151
-0.0050563378
-0.0052316129
-0.0054055972
-0.0055782476
-0.0057495217
-0.0059193772
-0.0060877721
-0.0062546649
-0.0064200145
-0.0065837799
-0.0067459209
-0.0069063974
-0.0070651699
-0.007222199
-0.0073774462
-0.0075308731
-0.0076824418
-0.0078321149
-0.0079798556
-0.0081256273
-0.0082693941
-0.0084111205
-0.0085507716
-0.0086883129
-0.0088237104
-0.0089569307
-0.0090879411
-0.0092167091
-0.009343203
-0.0094673915
-0.0095892441
-0.0097087307
-0.0098258217
-0.0099404883
-0.010052702
-0.010162436
-0.010269662
-0.010374354
-0.010476486
-0.010576034
-0.010672972
-0.010767276
-0.010858924
-0.010947893
-0.01103416
-0.011117705
-0.011198507
-0.011276545
-0.011351801
-0.011424257
-0.011493893
-0.011560694
-0.011624642
-0.011685721
-0.011743918
-0.011799217
-0.011851604
-0.011901068
-0.011947595
-0.011991174
-0.012031794
-0.012069446
-0.01210412
-0.012135807
-0.0121645
-0.012190191
-0.012212875
-0.012232545
-0.012249197
-0.012262827
-0.012273431
-0.012281007
-0.012285553
-0.012287067
-0.01228555
-0.012281002
-0.012273423
-0.012262816
-0.012249183
-0.012232528
-0.012212855
-0.012190169
-0.012164475
-0.012135779
-0.01210409
-0.012069413
-0.012031759
-0.011991136
-0.011947554
-0.011901025
-0.011851559
-0.011799169
-0.011743868
-0.011685669
-0.011624587
-0.011560637
-0.011493834
-0.011424196
-0.011351739
-0.01127648
-0.01119844
-0.011117637
-0.01103409
-0.010947821
-0.010858851
-0.010767202
-0.010672896
-0.010575956
-0.010476408
-0.010374274
-0.010269581
-0.010162353
-0.010052619
-0.0099404041
-0.0098257366
-0.0097086449
-0.0095891577
-0.0094673045
-0.0093431155
-0.0092166212
-0.0090878529
-0.0089568423
-0.0088236218
-0.0086882243
-0.008550683
-0.0084110321
-0.0082693059
-0.0081255394
-0.0079797681
-0.0078320279
-0.0076823553
-0.0075307873
-0.0073773611
-0.0072221148
-0.0070650865
-0.0069063151
-0.0067458396
-0.0065836998
-0.0064199355
-0.0062545873
-0.0060876958
-0.0059193024
-0.0057494485
-0.005578176
-0.0054055272
-0.0052315447
-0.0050562714
-0.0048797505
-0.0047020257
-0.0045231408
-0.0043431399
-0.0041620674
-0.0039799679
-0.0037968866
-0.0036128683
-0.0034279587
-0.0032422034
-0.003055648
-0.0028683388
-0.0026803218
-0.0024916435
-0.0023023505
-0.0021124894
-0.0019221071
-0.0017312506
-0.0015399669
-0.0013483032
-0.0011563069
-0.00096402525
-0.00077150578
-0.00057879596
-0.00038594333
-0.00019299547
0
