0
-0.00019296818
-0.00038588874
-0.00057871409
-0.00077139665
-0.00096388887
-0.0011561433
-0.0013481124
-0.0015397489
-0.0017310055
-0.0019218349
-0.0021121902
-0.0023020243
-0.0024912904
-0.0026799418
-0.002867932
-0.0030552145
-0.0032417432
-0.003427472
-0.0036123551
-0.0037963469
-0.003979402
-0.0041614752
-0.0043425216
-0.0045224965
-0.0047013556
-0.0048790546
-0.0050555498
-0.0052307976
-0.0054047547
-0.0055773783
-0.0057486257
-0.0059184547
-0.0060868234
-0.0062536902
-0.0064190139
-0.0065827539
-0.0067448696
-0.0069053211
-0.0070640688
-0.0072210735
-0.0073762965
-0.0075296994
-0.0076812445
-0.0078308944
-0.007978612
-0.008124361
-0.0082681054
-0.0084098097
-0.008549439
-0.0086869589
-0.0088223353
-0.0089555349
-0.0090865248
-0.0092152728
-0.0093417469
-0.0094659161
-0.0095877497
-0.0097072177
-0.0098242904
-0.0099389392
-0.010051136
-0.010160852
-0.010268061
-0.010372737
-0.010474854
-0.010574386
-0.010671309
-0.010765599
-0.010857232
-0.010946187
-0.011032441
-0.011115972
-0.011196761
-0.011274788
-0.011350032
-0.011422476
-0.011492102
-0.011558892
-0.01162283
-0.0116839
-0.011742088
-0.011797378
-0.011849758
-0.011899213
-0.011945733
-0.011989305
-0.012029919
-0.012067565
-0.012102233
-0.012133916
-0.012162604
-0.012188291
-0.012210972
-0.012230639
-0.012247288
-0.012260916
-0.012271519
-0.012279093
-0.012283638
-0.012285153
-0.012283636
-0.012279088
-0.01227151
-0.012260905
-0.012247275
-0.012230622
-0.012210952
-0.012188269
-0.012162579
-0.012133888
-0.012102203
-0.012067532
-0.012029884
-0.011989267
-0.011945693
-0.011899171
-0.011849713
-0.011797331
-0.011742038
-0.011683848
-0.011622776
-0.011558836
-0.011492043
-0.011422416
-0.01134997
-0.011274723
-0.011196695
-0.011115904
-0.011032371
-0.010946115
-0.010857159
-0.010765524
-0.010671233
-0.010574308
-0.010474775
-0.010372657
-0.01026798
-0.01016077
-0.010051053
-0.0099388552
-0.0098242056
-0.0097071321
-0.0095876635
-0.0094658293
-0.0093416596
-0.0092151851
-0.0090864368
-0.0089554467
-0.0088222469
-0.0086868705
-0.0085493507
-0.0084097215
-0.0082680174
-0.0081242733
-0.0079785247
-0.0078308075
-0.0076811583
-0.0075296139
-0.0073762116
-0.0072209895
-0.0070639857
-0.006905239
-0.0067447885
-0.0065826739
-0.0064189352
-0.0062536127
-0.0060867473
-0.0059183801
-0.0057485526
-0.0055773068
-0.0054046849
-0.0052307295
-0.0050554835
-0.0048789902
-0.0047012931
-0.004522436
-0.0043424632
-0.0041614189
-0.0039793478
-0.0037962949
-0.0036123054
-0.0034274246
-0.0032416982
-0.0030551719
-0.0028678918
-0.0026799042
-0.0024912553
-0.0023019918
-0.0021121603
-0.0019218076
-0.0017309808
-0.0015397269
-0.0013480931
-0.0011561267
-0.00096387505
-0.00077138557
-0.00057870577
-0.00038588319
-0.0001929654
0
