0
-7.1921721e-05
-0.0001438257
-0.00021569419
-0.00028750945
-0.00035925379
-0.00043090948
-0.00050245884
-0.00057388424
-0.00064516804
-0.00071629265
-0.00078724053
-0.00085799416
-0.0009285361
-0.00099884894
-0.0010689153
-0.001138718
-0.0012082397
-0.0012774632
-0.0013463716
-0.0014149478
-0.0014831748
-0.0015510359
-0.0016185144
-0.0016855934
-0.0017522566
-0.0018184874
-0.0018842696
-0.0019495868
-0.002014423
-0.0020787622
-0.0021425884
-0.002205886
-0.0022686394
-0.002330833
-0.0023924514
-0.0024534796
-0.0025139025
-0.002573705
-0.0026328726
-0.0026913905
-0.0027492443
-0.0028064198
-0.0028629029
-0.0029186796
-0.0029737361
-0.003028059
-0.0030816347
-0.00313445
-0.003186492
-0.0032377477
-0.0032882046
-0.0033378502
-0.0033866722
-0.0034346586
-0.0034817975
-0.0035280774
-0.0035734868
-0.0036180144
-0.0036616494
-0.0037043809
-0.0037461984
-0.0037870916
-0.0038270503
-0.0038660648
-0.0039041254
-0.0039412228
-0.0039773477
-0.0040124912
-0.0040466447
-0.0040797998
-0.0041119482
-0.0041430821
-0.0041731937
-0.0042022757
-0.0042303208
-0.0042573221
-0.004283273
-0.0043081671
-0.0043319982
-0.0043547604
-0.0043764482
-0.0043970561
-0.0044165792
-0.0044350125
-0.0044523515
-0.004468592
-0.0044837299
-0.0044977616
-0.0045106835
-0.0045224924
-0.0045331855
-0.0045427601
-0.0045512138
-0.0045585446
-0.0045647506
-0.0045698303
-0.0045737825
-0.0045766062
-0.0045783007
-0.0045788656
-0.0045783007
-0.0045766061
-0.0045737824
-0.0045698301
-0.0045647503
-0.0045585442
-0.0045512134
-0.0045427596
-0.004533185
-0.0045224919
-0.0045106829
-0.004497761
-0.0044837293
-0.0044685913
-0.0044523508
-0.0044350117
-0.0044165783
-0.0043970552
-0.0043764472
-0.0043547594
-0.0043319971
-0.004308166
-0.0042832719
-0.004257321
-0.0042303196
-0.0042022744
-0.0041731924
-0.0041430808
-0.0041119469
-0.0040797984
-0.0040466433
-0.0040124898
-0.0039773462
-0.0039412213
-0.0039041239
-0.0038660633
-0.0038270488
-0.00378709
-0.0037461968
-0.0037043792
-0.0036616477
-0.0036180128
-0.0035734851
-0.0035280757
-0.0034817958
-0.0034346569
-0.0033866705
-0.0033378485
-0.0032882029
-0.003237746
-0.0031864903
-0.0031344483
-0.003081633
-0.0030280573
-0.0029737345
-0.0029186779
-0.0028629012
-0.0028064182
-0.0027492427
-0.0026913888
-0.0026328709
-0.0025737034
-0.0025139009
-0.0024534781
-0.0023924499
-0.0023308315
-0.0022686379
-0.0022058846
-0.002142587
-0.0020787608
-0.0020144216
-0.0019495855
-0.0018842683
-0.0018184862
-0.0017522554
-0.0016855923
-0.0016185132
-0.0015510349
-0.0014831738
-0.0014149468
-0.0013463706
-0.0012774623
-0.0012082388
-0.0011387171
-0.0010689146
-0.00099884821
-0.00092853542
-0.00085799353
-0.00078723995
-0.00071629212
-0.00064516756
-0.00057388382
-0.00050245847
-0.00043090916
-0.00035925352
-0.00028750924
-0.00021569402
-0.00014382559
-7.1921668e-05
0
