0
-0.0013928072
-0.002785268
-0.004177036
-0.0055677652
-0.0069571096
-0.0083447237
-0.0097302624
-0.011113381
-0.012493736
-0.013870984
-0.015244782
-0.016614789
-0.017980664
-0.019342068
-0.020698662
-0.022050109
-0.023396074
-0.024736221
-0.026070218
-0.027397733
-0.028718436
-0.030032
-0.031338098
-0.032636405
-0.0339266
-0.035208362
-0.036481373
-0.037745317
-0.03899988
-0.040244751
-0.041479621
-0.042704184
-0.043918137
-0.045121178
-0.046313008
-0.047493334
-0.048661862
-0.049818303
-0.05096237
-0.05209378
-0.053212254
-0.054317514
-0.055409287
-0.056487302
-0.057551295
-0.058601
-0.05963616
-0.060656518
-0.061661822
-0.062651824
-0.06362628
-0.06458495
-0.065527596
-0.066453987
-0.067363895
-0.068257095
-0.069133367
-0.069992496
-0.07083427
-0.071658483
-0.072464932
-0.073253418
-0.074023749
-0.074775734
-0.075509191
-0.076223938
-0.076919802
-0.077596611
-0.0782542
-0.078892409
-0.079511081
-0.080110066
-0.080689217
-0.081248393
-0.081787459
-0.082306282
-0.082804738
-0.083282705
-0.083740067
-0.084176713
-0.084592539
-0.084987444
-0.085361332
-0.085714114
-0.086045704
-0.086356025
-0.086645001
-0.086912564
-0.08715865
-0.087383201
-0.087586165
-0.087767494
-0.087927145
-0.088065083
-0.088181276
-0.088275697
-0.088348327
-0.08839915
-0.088428156
-0.088435341
-0.088420706
-0.088384257
-0.088326006
-0.088245971
-0.088144173
-0.08802064
-0.087875407
-0.08770851
-0.087519995
-0.087309909
-0.087078309
-0.086825253
-0.086550806
-0.086255039
-0.085938028
-0.085599852
-0.085240598
-0.084860357
-0.084459225
-0.084037304
-0.083594699
-0.083131522
-0.082647889
-0.082143923
-0.081619748
-0.081075498
-0.080511307
-0.079927317
-0.079323674
-0.078700528
-0.078058035
-0.077396355
-0.076715653
-0.076016098
-0.075297864
-0.074561129
-0.073806077
-0.073032895
-0.072241775
-0.071432913
-0.07060651
-0.069762769
-0.068901901
-0.068024118
-0.067129637
-0.066218679
-0.065291471
-0.064348239
-0.063389219
-0.062414646
-0.061424761
-0.060419807
-0.059400034
-0.058365692
-0.057317037
-0.056254325
-0.055177821
-0.054087787
-0.052984493
-0.05186821
-0.050739214
-0.04959778
-0.048444191
-0.047278729
-0.046101681
-0.044913337
-0.043713988
-0.042503928
-0.041283456
-0.04005287
-0.038812472
-0.037562568
-0.036303463
-0.035035467
-0.03375889
-0.032474046
-0.031181249
-0.029880817
-0.028573068
-0.027258323
-0.025936904
-0.024609135
-0.02327534
-0.021935848
-0.020590986
-0.019241083
-0.017886469
-0.016527478
-0.015164441
-0.013797692
-0.012427565
-0.011054397
-0.0096785236
-0.0083002809
-0.0069200067
-0.0055380389
-0.0041547156
-0.0027703754
-0.0013853572
0
