0
-0.02320507
-0.046374896
-0.069474362
-0.09246862
-0.11532321
-0.13800421
-0.1604783
-0.18271298
-0.20467659
-0.22633847
-0.24766906
-0.26863998
-0.28922413
-0.3093958
-0.32913067
-0.34840598
-0.36720048
-0.38549457
-0.40327028
-0.42051132
-0.43720311
-0.4533328
-0.46888923
-0.48386297
-0.49824631
-0.5120332
-0.52521925
-0.53780169
-0.54977932
-0.56115248
-0.57192297
-0.58209401
-0.59167015
-0.60065725
-0.60906234
-0.61689361
-0.62416028
-0.63087257
-0.63704155
-0.64267916
-0.64779801
-0.6524114
-0.65653318
-0.66017768
-0.66335967
-0.66609421
-0.66839666
-0.67028256
-0.67176756
-0.6728674
-0.67359779
-0.67397439
-0.67401276
-0.67372828
-0.67313614
-0.67225128
-0.67108835
-0.66966167
-0.66798523
-0.66607263
-0.66393708
-0.66159138
-0.65904786
-0.65631844
-0.65341458
-0.65034727
-0.64712703
-0.64376393
-0.64026755
-0.63664703
-0.63291104
-0.62906781
-0.62512511
-0.6210903
-0.61697031
-0.61277165
-0.60850045
-0.60416245
-0.59976303
-0.5953072
-0.59079966
-0.58624476
-0.58164655
-0.57700881
-0.57233501
-0.56762837
-0.56289188
-0.55812828
-0.5533401
-0.54852965
-0.54369906
-0.5388503
-0.53398513
-0.52910519
-0.52421197
-0.51930681
-0.51439095
-0.5094655
-0.50453147
-0.49958979
-0.49464126
-0.48968664
-0.4847266
-0.47976175
-0.47479262
-0.4698197
-0.46484343
-0.4598642
-0.45488235
-0.44989819
-0.444912
-0.43992403
-0.4349345
-0.42994358
-0.42495147
-0.4199583
-0.41496421
-0.40996932
-0.40497373
-0.39997754
-0.39498081
-0.38998363
-0.38498605
-0.37998813
-0.37498991
-0.36999143
-0.36499273
-0.35999384
-0.35499479
-0.3499956
-0.34499628
-0.33999687
-0.33499736
-0.32999778
-0.32499814
-0.31999844
-0.31499869
-0.3099989
-0.30499908
-0.29999923
-0.29499936
-0.28999947
-0.28499956
-0.27999963
-0.27499969
-0.26999975
-0.26499979
-0.25999983
-0.25499986
-0.24999988
-0.2449999
-0.23999992
-0.23499993
-0.22999995
-0.22499996
-0.21999996
-0.21499997
-0.20999998
-0.20499998
-0.19999998
-0.19499999
-0.18999999
-0.18499999
-0.17999999
-0.17499999
-0.17
-0.165
-0.16
-0.155
-0.15
-0.145
-0.14
-0.135
-0.13
-0.125
-0.12
-0.115
-0.11
-0.105
-0.1
-0.095
-0.09
-0.085
-0.08
-0.075
-0.07
-0.065
-0.06
-0.055
-0.05
-0.045
-0.04
-0.035
-0.03
-0.025
-0.02
-0.015
-0.01
-0.005
0
