0
-0.0049734368
-0.0099453157
-0.014914079
-0.019878172
-0.02483604
-0.029786132
-0.034726902
-0.039656807
-0.044574309
-0.049477877
-0.054365985
-0.059237115
-0.064089757
-0.06892241
-0.073733581
-0.078521788
-0.08328556
-0.088023436
-0.092733967
-0.097415719
-0.10206727
-0.10668721
-0.11127414
-0.11582669
-0.1203435
-0.12482321
-0.12926449
-0.13366604
-0.13802656
-0.14234477
-0.14661942
-0.15084926
-0.15503309
-0.1591697
-0.16325791
-0.16729657
-0.17128456
-0.17522075
-0.17910405
-0.18293342
-0.18670779
-0.19042616
-0.19408752
-0.19769092
-0.2012354
-0.20472004
-0.20814395
-0.21150626
-0.21480612
-0.21804272
-0.22121527
-0.22432299
-0.22736514
-0.23034103
-0.23324995
-0.23609125
-0.2388643
-0.24156849
-0.24420324
-0.24676799
-0.24926224
-0.25168547
-0.25403721
-0.25631703
-0.2585245
-0.26065923
-0.26272087
-0.26470907
-0.26662353
-0.26846396
-0.2702301
-0.27192173
-0.27353863
-0.27508064
-0.27654759
-0.27793936
-0.27925584
-0.28049696
-0.28166267
-0.28275294
-0.28376775
-0.28470714
-0.28557115
-0.28635984
-0.2870733
-0.28771164
-0.28827501
-0.28876356
-0.28917746
-0.28951692
-0.28978216
-0.28997342
-0.29009096
-0.29013507
-0.29010605
-0.29000421
-0.28982991
-0.28958349
-0.28926534
-0.28887584
-0.28841541
-0.28788448
-0.28728348
-0.28661289
-0.28587317
-0.28506481
-0.28418833
-0.28324424
-0.28223307
-0.28115536
-0.28001169
-0.27880262
-0.27752873
-0.27619063
-0.27478891
-0.2733242
-0.27179713
-0.27020832
-0.26855844
-0.26684814
-0.26507808
-0.26324895
-0.26136142
-0.25941618
-0.25741394
-0.25535539
-0.25324126
-0.25107225
-0.24884909
-0.24657251
-0.24424325
-0.24186205
-0.23942964
-0.23694678
-0.23441422
-0.23183272
-0.22920303
-0.22652592
-0.22380216
-0.2210325
-0.21821773
-0.2153586
-0.21245591
-0.20951041
-0.20652289
-0.20349413
-0.20042489
-0.19731597
-0.19416814
-0.19098218
-0.18775887
-0.18449899
-0.18120331
-0.17787262
-0.17450769
-0.17110931
-0.16767824
-0.16421527
-0.16072116
-0.1571967
-0.15364265
-0.15005978
-0.14644886
-0.14281066
-0.13914595
-0.13545548
-0.13174003
-0.12800035
-0.1242372
-0.12045134
-0.11664353
-0.11281451
-0.10896505
-0.10509588
-0.10120776
-0.097301437
-0.093377651
-0.089437146
-0.085480662
-0.08150894
-0.077522717
-0.073522729
-0.06950971
-0.065484393
-0.061447509
-0.057399789
-0.05334196
-0.049274752
-0.045198889
-0.041115097
-0.0370241
-0.032926622
-0.028823384
-0.024715108
-0.020602516
-0.016486327
-0.012367262
-0.0082460395
-0.0041233792
0
