0
-0.004973362
-0.009945166
-0.014913855
-0.019877873
-0.024835666
-0.029785685
-0.034726381
-0.039656213
-0.044573642
-0.049477138
-0.054365174
-0.059236233
-0.064088805
-0.068921388
-0.07373249
-0.078520629
-0.083284334
-0.088022143
-0.09273261
-0.097414298
-0.10206578
-0.10668566
-0.11127253
-0.11582503
-0.12034177
-0.12482142
-0.12926266
-0.13366415
-0.13802462
-0.14234278
-0.14661737
-0.15084717
-0.15503095
-0.15916751
-0.16325568
-0.1672943
-0.17128224
-0.17521839
-0.17910166
-0.18293099
-0.18670533
-0.19042367
-0.194085
-0.19768837
-0.20123282
-0.20471744
-0.20814132
-0.21150361
-0.21480346
-0.21804004
-0.22121256
-0.22432027
-0.22736242
-0.23033829
-0.2332472
-0.2360885
-0.23886154
-0.24156572
-0.24420047
-0.24676523
-0.24925947
-0.2516827
-0.25403445
-0.25631427
-0.25852175
-0.2606565
-0.26271815
-0.26470636
-0.26662083
-0.26846128
-0.27022744
-0.27191908
-0.27353601
-0.27507803
-0.276545
-0.2779368
-0.27925331
-0.28049445
-0.28166019
-0.28275048
-0.28376533
-0.28470475
-0.28556879
-0.28635751
-0.287071
-0.28770938
-0.28827278
-0.28876137
-0.2891753
-0.2895148
-0.28978008
-0.28997138
-0.29008896
-0.29013311
-0.29010413
-0.29000233
-0.28982807
-0.28958169
-0.28926358
-0.28887413
-0.28841374
-0.28788285
-0.2872819
-0.28661134
-0.28587167
-0.28506336
-0.28418692
-0.28324287
-0.28223174
-0.28115408
-0.28001045
-0.27880142
-0.27752758
-0.27618951
-0.27478784
-0.27332317
-0.27179613
-0.27020737
-0.26855753
-0.26684727
-0.26507725
-0.26324816
-0.26136067
-0.25941547
-0.25741326
-0.25535475
-0.25324065
-0.25107168
-0.24884855
-0.24657201
-0.24424278
-0.24186161
-0.23942924
-0.23694641
-0.23441388
-0.23183241
-0.22920275
-0.22652567
-0.22380193
-0.2210323
-0.21821755
-0.21535845
-0.21245578
-0.2095103
-0.20652281
-0.20349406
-0.20042485
-0.19731595
-0.19416814
-0.19098219
-0.1877589
-0.18449903
-0.18120337
-0.17787269
-0.17450778
-0.17110941
-0.16767836
-0.16421539
-0.1607213
-0.15719684
-0.1536428
-0.15005993
-0.14644902
-0.14281083
-0.13914612
-0.13545566
-0.13174021
-0.12800053
-0.12423739
-0.12045153
-0.11664372
-0.1128147
-0.10896524
-0.10509607
-0.10120795
-0.097301619
-0.093377829
-0.08943732
-0.085480833
-0.081509106
-0.077522878
-0.073522884
-0.069509859
-0.065484535
-0.061447644
-0.057399917
-0.053342081
-0.049274864
-0.045198993
-0.041115193
-0.037024187
-0.032926699
-0.028823452
-0.024715167
-0.020602565
-0.016486367
-0.012367292
-0.0082460595
-0.0041233892
0
