0
-7.1904208e-05
-0.00014379068
-0.00021564166
-0.00028743945
-0.00035916631
-0.00043080455
-0.0005023365
-0.0005737445
-0.00064501094
-0.00071611823
-0.00078704884
-0.00085778524
-0.00092831001
-0.00099860572
-0.001068655
-0.0011384407
-0.0012079455
-0.0012771522
-0.0013460438
-0.0014146032
-0.0014828137
-0.0015506583
-0.0016181203
-0.001685183
-0.0017518299
-0.0018180446
-0.0018838108
-0.0019491121
-0.0020139325
-0.002078256
-0.0021420667
-0.0022053489
-0.002268087
-0.0023302654
-0.0023918689
-0.0024528822
-0.0025132903
-0.0025730783
-0.0026322315
-0.0026907351
-0.0027485749
-0.0028057365
-0.0028622058
-0.0029179689
-0.0029730121
-0.0030273217
-0.0030808843
-0.0031336868
-0.0031857161
-0.0032369594
-0.003287404
-0.0033370374
-0.0033858476
-0.0034338223
-0.0034809497
-0.0035272183
-0.0035726166
-0.0036171334
-0.0036607578
-0.0037034789
-0.0037452862
-0.0037861694
-0.0038261185
-0.0038651235
-0.0039031748
-0.0039402631
-0.0039763792
-0.0040115142
-0.0040456594
-0.0040788064
-0.004110947
-0.0041420733
-0.0041721776
-0.0042012524
-0.0042292907
-0.0042562855
-0.0042822301
-0.0043071181
-0.0043309434
-0.0043537001
-0.0043753826
-0.0043959855
-0.0044155038
-0.0044339326
-0.0044512674
-0.0044675039
-0.0044826382
-0.0044966664
-0.0045095851
-0.0045213912
-0.0045320817
-0.0045416539
-0.0045501056
-0.0045574346
-0.0045636391
-0.0045687176
-0.0045726688
-0.0045754918
-0.0045771859
-0.0045777506
-0.0045771859
-0.0045754917
-0.0045726687
-0.0045687174
-0.0045636388
-0.0045574343
-0.0045501052
-0.0045416535
-0.0045320812
-0.0045213907
-0.0045095846
-0.0044966658
-0.0044826375
-0.0044675032
-0.0044512666
-0.0044339318
-0.0044155029
-0.0043959846
-0.0043753816
-0.0043536991
-0.0043309423
-0.004307117
-0.0042822289
-0.0042562843
-0.0042292895
-0.0042012512
-0.0041721763
-0.004142072
-0.0041109456
-0.004078805
-0.004045658
-0.0040115127
-0.0039763777
-0.0039402616
-0.0039031733
-0.0038651219
-0.0038261169
-0.0037861678
-0.0037452846
-0.0037034773
-0.0036607561
-0.0036171318
-0.003572615
-0.0035272167
-0.0034809481
-0.0034338206
-0.0033858459
-0.0033370357
-0.0032874023
-0.0032369577
-0.0031857144
-0.0031336851
-0.0030808826
-0.00302732
-0.0029730104
-0.0029179672
-0.0028622041
-0.0028057348
-0.0027485733
-0.0026907335
-0.0026322299
-0.0025730767
-0.0025132888
-0.0024528807
-0.0023918674
-0.0023302639
-0.0022680855
-0.0022053475
-0.0021420653
-0.0020782546
-0.0020139311
-0.0019491108
-0.0018838095
-0.0018180434
-0.0017518287
-0.0016851818
-0.0016181191
-0.0015506572
-0.0014828126
-0.0014146022
-0.0013460428
-0.0012771513
-0.0012079446
-0.0011384399
-0.0010686543
-0.000998605
-0.00092830933
-0.00085778462
-0.00078704826
-0.00071611771
-0.00064501047
-0.00057374408
-0.00050233613
-0.00043080423
-0.00035916604
-0.00028743923
-0.0002156415
-0.00014379057
-7.1904155e-05
0
