0
-0.0013927507
-0.0027851551
-0.0041768667
-0.0055675395
-0.0069568277
-0.0083443855
-0.0097298681
-0.011112931
-0.01249323
-0.013870422
-0.015244164
-0.016614116
-0.017979936
-0.019341285
-0.020697824
-0.022049217
-0.023395127
-0.02473522
-0.026069163
-0.027396624
-0.028717275
-0.030030786
-0.031336831
-0.032635086
-0.033925229
-0.03520694
-0.0364799
-0.037743793
-0.038998306
-0.040243127
-0.041477948
-0.042702462
-0.043916366
-0.045119359
-0.046311142
-0.047491421
-0.048659902
-0.049816297
-0.050960319
-0.052091685
-0.053210114
-0.05431533
-0.05540706
-0.056485034
-0.057548984
-0.058598648
-0.059633767
-0.060654085
-0.06165935
-0.062649314
-0.063623732
-0.064582364
-0.065524974
-0.066451329
-0.067361202
-0.068254367
-0.069130606
-0.069989702
-0.070831444
-0.071655625
-0.072462043
-0.073250499
-0.074020801
-0.074772758
-0.075506187
-0.076220908
-0.076916745
-0.077593529
-0.078251094
-0.078889279
-0.079507929
-0.080106891
-0.080686021
-0.081245177
-0.081784223
-0.082303028
-0.082801466
-0.083279416
-0.083736762
-0.084173393
-0.084589204
-0.084984095
-0.085357971
-0.085710741
-0.08604232
-0.086352631
-0.086641598
-0.086909152
-0.087155231
-0.087379775
-0.087582733
-0.087764057
-0.087923704
-0.088061639
-0.088177829
-0.088272249
-0.088344878
-0.088395701
-0.088424708
-0.088431895
-0.088417263
-0.088380818
-0.088322571
-0.088242541
-0.088140749
-0.088017224
-0.087871998
-0.08770511
-0.087516604
-0.087306529
-0.08707494
-0.086821895
-0.086547461
-0.086251708
-0.085934711
-0.08559655
-0.085237312
-0.084857088
-0.084455974
-0.08403407
-0.083591484
-0.083128327
-0.082644715
-0.08214077
-0.081616617
-0.081072389
-0.080508222
-0.079924256
-0.079320638
-0.078697518
-0.078055051
-0.077393398
-0.076712723
-0.076013197
-0.075294992
-0.074558287
-0.073803265
-0.073030114
-0.072239026
-0.071430196
-0.070603825
-0.069760118
-0.068899284
-0.068021535
-0.06712709
-0.066216168
-0.065288996
-0.064345801
-0.063386818
-0.062412283
-0.061422437
-0.060417523
-0.059397789
-0.058363487
-0.057314872
-0.056252202
-0.055175738
-0.054085747
-0.052982495
-0.051866255
-0.050737302
-0.049595912
-0.048442367
-0.047276949
-0.046099947
-0.044911648
-0.043712344
-0.042502331
-0.041281905
-0.040051365
-0.038811015
-0.037561158
-0.036302101
-0.035034152
-0.033757624
-0.032472828
-0.03118008
-0.029879697
-0.028571997
-0.027257302
-0.025935932
-0.024608213
-0.023274469
-0.021935027
-0.020590215
-0.019240362
-0.0178858
-0.016526859
-0.015163873
-0.013797176
-0.012427101
-0.011053984
-0.0096781616
-0.0082999705
-0.0069197479
-0.0055378318
-0.0041545602
-0.0027702718
-0.0013853054
0
