0
-0.023204859
-0.046374474
-0.069473733
-0.092467788
-0.11532218
-0.13800298
-0.1604769
-0.1827114
-0.20467484
-0.22633657
-0.24766701
-0.26863779
-0.28922183
-0.30939339
-0.32912817
-0.3484034
-0.36719784
-0.38549188
-0.40326755
-0.42050857
-0.43720036
-0.45333005
-0.4688865
-0.48386028
-0.49824366
-0.51203061
-0.52521673
-0.53779924
-0.54977697
-0.56115022
-0.57192082
-0.58209196
-0.59166822
-0.60065544
-0.60906066
-0.61689205
-0.62415885
-0.63087127
-0.63704039
-0.64267812
-0.64779711
-0.65241062
-0.65653252
-0.66017715
-0.66335925
-0.6660939
-0.66839646
-0.67028246
-0.67176757
-0.67286749
-0.67359797
-0.67397465
-0.67401309
-0.67372868
-0.6731366
-0.67225179
-0.67108891
-0.66966227
-0.66798587
-0.6660733
-0.66393778
-0.66159209
-0.65904859
-0.65631918
-0.65341533
-0.65034802
-0.64712778
-0.64376467
-0.64026828
-0.63664775
-0.63291175
-0.6290685
-0.62512578
-0.62109096
-0.61697094
-0.61277226
-0.60850104
-0.60416301
-0.59976357
-0.59530772
-0.59080015
-0.58624522
-0.58164699
-0.57700923
-0.5723354
-0.56762874
-0.56289223
-0.55812861
-0.5533404
-0.54852993
-0.54369933
-0.53885054
-0.53398536
-0.5291054
-0.52421216
-0.51930699
-0.51439112
-0.50946566
-0.50453162
-0.49958991
-0.49464138
-0.48968675
-0.4847267
-0.47976184
-0.4747927
-0.46981977
-0.4648435
-0.45986426
-0.4548824
-0.44989824
-0.44491205
-0.43992407
-0.43493453
-0.42994362
-0.4249515
-0.41995833
-0.41496424
-0.40996934
-0.40497375
-0.39997755
-0.39498083
-0.38998364
-0.38498606
-0.37998814
-0.37498992
-0.36999144
-0.36499274
-0.35999385
-0.3549948
-0.3499956
-0.34499629
-0.33999687
-0.33499736
-0.32999778
-0.32499814
-0.31999844
-0.31499869
-0.3099989
-0.30499908
-0.29999923
-0.29499936
-0.28999947
-0.28499956
-0.27999963
-0.27499969
-0.26999975
-0.26499979
-0.25999983
-0.25499986
-0.24999988
-0.2449999
-0.23999992
-0.23499993
-0.22999995
-0.22499996
-0.21999996
-0.21499997
-0.20999998
-0.20499998
-0.19999998
-0.19499999
-0.18999999
-0.18499999
-0.17999999
-0.17499999
-0.17
-0.165
-0.16
-0.155
-0.15
-0.145
-0.14
-0.135
-0.13
-0.125
-0.12
-0.115
-0.11
-0.105
-0.1
-0.095
-0.09
-0.085
-0.08
-0.075
-0.07
-0.065
-0.06
-0.055
-0.05
-0.045
-0.04
-0.035
-0.03
-0.025
-0.02
-0.015
-0.01
-0.005
0
