0
-0.0001929381
-0.0003858286
-0.00057862389
-0.00077127642
-0.00096373864
-0.0011559631
-0.0013479023
-0.0015395089
-0.0017307357
-0.0019215354
-0.002111861
-0.0023016655
-0.0024909021
-0.0026795241
-0.002867485
-0.0030547383
-0.0032412379
-0.0034269378
-0.0036117921
-0.0037957552
-0.0039787818
-0.0041608266
-0.0043418448
-0.0045217917
-0.0047006228
-0.0048782942
-0.0050547619
-0.0052299823
-0.0054039124
-0.005576509
-0.0057477297
-0.0059175322
-0.0060858747
-0.0062527155
-0.0064180135
-0.0065817279
-0.0067438184
-0.0069042449
-0.0070629678
-0.0072199481
-0.0073751469
-0.0075285259
-0.0076800474
-0.0078296739
-0.0079773685
-0.0081230948
-0.0082668168
-0.008408499
-0.0085481066
-0.008685605
-0.0088209603
-0.0089541391
-0.0090851086
-0.0092138365
-0.009340291
-0.0094644408
-0.0095862554
-0.0097057048
-0.0098227593
-0.0099373902
-0.010049569
-0.010159269
-0.010266461
-0.010371121
-0.010473221
-0.010572738
-0.010669646
-0.010763921
-0.01085554
-0.010944481
-0.011030721
-0.01111424
-0.011195016
-0.011273031
-0.011348263
-0.011420696
-0.011490311
-0.011557091
-0.011621019
-0.011682079
-0.011740258
-0.01179554
-0.011847911
-0.011897359
-0.011943871
-0.011987437
-0.012028044
-0.012065684
-0.012100347
-0.012132025
-0.012160709
-0.012186392
-0.012209069
-0.012228733
-0.01224538
-0.012259005
-0.012269606
-0.01227718
-0.012281724
-0.012283238
-0.012281721
-0.012277174
-0.012269598
-0.012258994
-0.012245366
-0.012228716
-0.012209049
-0.01218637
-0.012160684
-0.012131997
-0.012100317
-0.012065652
-0.012028009
-0.011987399
-0.011943831
-0.011897316
-0.011847866
-0.011795492
-0.011740208
-0.011682028
-0.011620965
-0.011557034
-0.011490253
-0.011420636
-0.011348201
-0.011272966
-0.01119495
-0.011114172
-0.011030652
-0.01094441
-0.010855467
-0.010763846
-0.01066957
-0.010572661
-0.010473143
-0.010371041
-0.01026638
-0.010159187
-0.010049486
-0.0099373064
-0.0098226747
-0.0097056194
-0.0095861694
-0.0094643542
-0.0093402039
-0.0092137491
-0.0090850209
-0.0089540512
-0.0088208722
-0.0086855168
-0.0085480185
-0.008408411
-0.008266729
-0.0081230073
-0.0079772814
-0.0078295873
-0.0076799613
-0.0075284405
-0.0073750622
-0.0072198642
-0.0070628849
-0.0069041629
-0.0067437375
-0.0065816482
-0.006417935
-0.0062526382
-0.0060857988
-0.0059174578
-0.0057476568
-0.0055764377
-0.0054038427
-0.0052299144
-0.0050546957
-0.0048782299
-0.0047005605
-0.0045217313
-0.0043417865
-0.0041607704
-0.0039787277
-0.0037957034
-0.0036117425
-0.0034268905
-0.003241193
-0.0030546958
-0.002867445
-0.0026794866
-0.0024908671
-0.0023016331
-0.0021118311
-0.0019215081
-0.0017307111
-0.001539487
-0.001347883
-0.0011559466
-0.00096372485
-0.00077126537
-0.0005786156
-0.00038582306
-0.00019293533
0
