0
-0.00051775868
-0.0010353896
-0.0015527649
-0.0020697569
-0.002586238
-0.0031020808
-0.0036171578
-0.004131342
-0.0046445064
-0.0051565244
-0.0056672696
-0.0061766159
-0.0066844375
-0.0071906093
-0.0076950061
-0.0081975035
-0.0086979775
-0.0091963045
-0.0096923616
-0.010186026
-0.010677177
-0.011165692
-0.011651451
-0.012134334
-0.012614222
-0.013090996
-0.013564539
-0.014034734
-0.014501465
-0.014964616
-0.015424074
-0.015879724
-0.016331456
-0.016779156
-0.017222715
-0.017662022
-0.018096971
-0.018527452
-0.018953361
-0.019374592
-0.01979104
-0.020202604
-0.020609182
-0.021010673
-0.021406978
-0.021798
-0.022183641
-0.022563808
-0.022938405
-0.023307341
-0.023670525
-0.024027867
-0.024379278
-0.024724673
-0.025063965
-0.025397072
-0.02572391
-0.0260444
-0.026358462
-0.02666602
-0.026966996
-0.027261316
-0.027548909
-0.027829703
-0.028103629
-0.028370619
-0.028630608
-0.028883531
-0.029129326
-0.029367932
-0.029599291
-0.029823346
-0.030040041
-0.030249322
-0.030451139
-0.030645441
-0.030832181
-0.031011312
-0.03118279
-0.031346574
-0.031502622
-0.031650897
-0.031791361
-0.03192398
-0.032048722
-0.032165556
-0.032274452
-0.032375385
-0.032468328
-0.03255326
-0.03263016
-0.032699008
-0.032759787
-0.032812484
-0.032857084
-0.032893576
-0.032921953
-0.032942206
-0.032954331
-0.032958326
-0.032954188
-0.032941919
-0.032921523
-0.032893003
-0.032856369
-0.032811627
-0.03275879
-0.032697871
-0.032628884
-0.032551848
-0.03246678
-0.032373702
-0.032272636
-0.032163609
-0.032046647
-0.031921778
-0.031789034
-0.031648447
-0.031500053
-0.031343887
-0.031179988
-0.031008398
-0.030829157
-0.030642311
-0.030447906
-0.030245989
-0.030036611
-0.029819823
-0.029595679
-0.029364234
-0.029125545
-0.028879671
-0.028626673
-0.028366613
-0.028099555
-0.027825566
-0.027544713
-0.027257066
-0.026962694
-0.026661672
-0.026354072
-0.026039972
-0.025719449
-0.025392581
-0.02505945
-0.024720137
-0.024374727
-0.024023304
-0.023665956
-0.02330277
-0.022933836
-0.022559245
-0.02217909
-0.021793464
-0.021402463
-0.021006182
-0.02060472
-0.020198176
-0.01978665
-0.019370244
-0.01894906
-0.018523202
-0.018092775
-0.017657886
-0.017218641
-0.01677515
-0.016327521
-0.015875864
-0.015420293
-0.014960917
-0.014497852
-0.014031211
-0.01356111
-0.013087663
-0.012610989
-0.012131204
-0.011648427
-0.011162778
-0.010674375
-0.010183339
-0.0096897919
-0.0091938549
-0.0086956503
-0.0081953011
-0.0076929306
-0.0071886627
-0.0066826219
-0.0061749329
-0.005665721
-0.0051551117
-0.0046432309
-0.0041302051
-0.0036161605
-0.0031012241
-0.0025855228
-0.0020691839
-0.0015523346
-0.0010351025
-0.00051761508
0
