0
-0.00059866998
-0.0011971425
-0.00179522
-0.0023927053
-0.0029894013
-0.0035851111
-0.0041796381
-0.0047727864
-0.0053643601
-0.0059541641
-0.0065420039
-0.0071276856
-0.0077110158
-0.0082918023
-0.0088698534
-0.0094449784
-0.010016988
-0.010585692
-0.011150905
-0.011712439
-0.012270109
-0.012823732
-0.013373124
-0.013918104
-0.014458494
-0.014994113
-0.015524787
-0.016050339
-0.016570596
-0.017085387
-0.017594543
-0.018097894
-0.018595275
-0.019086522
-0.019571473
-0.020049968
-0.020521849
-0.02098696
-0.021445149
-0.021896264
-0.022340156
-0.022776679
-0.023205689
-0.023627045
-0.024040607
-0.024446239
-0.024843807
-0.025233181
-0.025614232
-0.025986834
-0.026350864
-0.026706203
-0.027052733
-0.02739034
-0.027718913
-0.028038343
-0.028348525
-0.028649357
-0.02894074
-0.029222578
-0.029494777
-0.029757248
-0.030009905
-0.030252664
-0.030485446
-0.030708172
-0.030920772
-0.031123173
-0.03131531
-0.031497119
-0.03166854
-0.031829517
-0.031979997
-0.03211993
-0.03224927
-0.032367975
-0.032476006
-0.032573326
-0.032659905
-0.032735713
-0.032800725
-0.032854921
-0.032898282
-0.032930795
-0.032952448
-0.032963235
-0.032963151
-0.032952198
-0.032930379
-0.032897701
-0.032854175
-0.032799815
-0.03273464
-0.032658671
-0.032571933
-0.032474455
-0.032366268
-0.03224741
-0.032117919
-0.031977837
-0.031827212
-0.031666092
-0.031494532
-0.031312587
-0.031120318
-0.030917789
-0.030705065
-0.030482218
-0.03024932
-0.030006449
-0.029753685
-0.029491111
-0.029218814
-0.028936884
-0.028645414
-0.028344499
-0.02803424
-0.027714738
-0.027386099
-0.027048431
-0.026701846
-0.026346459
-0.025982385
-0.025609745
-0.025228663
-0.024839264
-0.024441676
-0.02403603
-0.02362246
-0.023201103
-0.022772098
-0.022335586
-0.02189171
-0.021440618
-0.020982458
-0.02051738
-0.02004554
-0.019567091
-0.019082192
-0.018591003
-0.018093685
-0.017590403
-0.017081322
-0.016566611
-0.016046439
-0.015520977
-0.014990398
-0.014454879
-0.013914594
-0.013369723
-0.012820445
-0.012266941
-0.011709393
-0.011147986
-0.010582903
-0.010014333
-0.0094424609
-0.0088674768
-0.0082895697
-0.0077089302
-0.0071257496
-0.0065402202
-0.0059525349
-0.0053628876
-0.0047714726
-0.0041784848
-0.0035841196
-0.0029885731
-0.0023920414
-0.0017947213
-0.0011968096
-0.00059850346
0
