0
-0.00086308167
-0.0017255716
-0.0025868784
-0.0034464115
-0.0043035817
-0.0051578011
-0.0060084843
-0.0068550478
-0.0076969113
-0.0085334975
-0.009364233
-0.010188548
-0.011005878
-0.011815662
-0.012617344
-0.013410376
-0.014194214
-0.01496832
-0.015732164
-0.016485222
-0.017226977
-0.017956922
-0.018674556
-0.019379387
-0.020070931
-0.020748716
-0.021412275
-0.022061156
-0.022694911
-0.023313108
-0.023915323
-0.024501143
-0.025070166
-0.025622003
-0.026156275
-0.026672616
-0.027170672
-0.027650103
-0.02811058
-0.028551786
-0.028973421
-0.029375195
-0.029756832
-0.030118073
-0.030458668
-0.030778385
-0.031077005
-0.031354323
-0.03161015
-0.03184431
-0.032056643
-0.032247005
-0.032415263
-0.032561305
-0.032685029
-0.032786351
-0.032865202
-0.032921528
-0.032955291
-0.032966467
-0.03295505
-0.032921048
-0.032864483
-0.032785396
-0.03268384
-0.032559886
-0.032413618
-0.032245137
-0.032054559
-0.031842014
-0.031607649
-0.031351624
-0.031074115
-0.030775312
-0.030455421
-0.03011466
-0.029753264
-0.02937148
-0.02896957
-0.02854781
-0.028106488
-0.027645908
-0.027166386
-0.026668249
-0.026151839
-0.025617511
-0.025065631
-0.024496576
-0.023910738
-0.023308517
-0.022690326
-0.022056589
-0.02140774
-0.020744224
-0.020066496
-0.01937502
-0.018670269
-0.017952727
-0.017222886
-0.016481245
-0.015728313
-0.014964605
-0.014190646
-0.013406964
-0.012614097
-0.011812589
-0.011002988
-0.010185849
-0.0093617321
-0.0085312016
-0.0076948266
-0.0068531801
-0.0060068387
-0.0051563822
-0.0043023932
-0.0034454568
-0.00258616
-0.0017250916
-0.00086284135
0
