0
-0.00049788865
-0.00099566367
-0.0014932115
-0.0019904185
-0.0024871713
-0.0029833564
-0.0034788607
-0.0039735711
-0.0044673747
-0.0049601587
-0.0054518108
-0.0059422187
-0.0064312704
-0.0069188545
-0.0074048596
-0.0078891748
-0.0083716896
-0.0088522939
-0.0093308779
-0.0098073326
-0.010281549
-0.010753419
-0.011222835
-0.01168969
-0.012153877
-0.012615291
-0.013073826
-0.013529377
-0.013981841
-0.014431113
-0.014877093
-0.015319678
-0.015758766
-0.016194258
-0.016626055
-0.017054058
-0.017478169
-0.017898291
-0.018314329
-0.018726188
-0.019133773
-0.019536992
-0.019935753
-0.020329964
-0.020719536
-0.02110438
-0.021484409
-0.021859534
-0.022229672
-0.022594737
-0.022954646
-0.023309317
-0.023658669
-0.024002622
-0.024341099
-0.024674021
-0.025001313
-0.0253229
-0.025638709
-0.025948668
-0.026252705
-0.026550753
-0.026842742
-0.027128606
-0.02740828
-0.0276817
-0.027948805
-0.028209532
-0.028463822
-0.028711618
-0.028952863
-0.029187502
-0.029415481
-0.029636748
-0.029851254
-0.030058949
-0.030259785
-0.030453718
-0.030640702
-0.030820696
-0.030993657
-0.031159547
-0.031318329
-0.031469964
-0.03161442
-0.031751664
-0.031881663
-0.032004388
-0.032119812
-0.032227909
-0.032328652
-0.03242202
-0.032507992
-0.032586547
-0.032657668
-0.032721339
-0.032777545
-0.032826273
-0.032867513
-0.032901255
-0.032927491
-0.032946216
-0.032957424
-0.032961115
-0.032957286
-0.032945939
-0.032927077
-0.032900703
-0.032866824
-0.032825448
-0.032776584
-0.032720243
-0.032656439
-0.032585185
-0.032506499
-0.032420397
-0.0323269
-0.03222603
-0.032117808
-0.032002261
-0.031879414
-0.031749295
-0.031611935
-0.031467364
-0.031315615
-0.031156724
-0.030990726
-0.03081766
-0.030637564
-0.030450481
-0.030256452
-0.030055522
-0.029847737
-0.029633145
-0.029411793
-0.029183734
-0.028949018
-0.0287077
-0.028459835
-0.028205478
-0.027944689
-0.027677526
-0.027404051
-0.027124326
-0.026838414
-0.026546382
-0.026248295
-0.025944223
-0.025634233
-0.025318397
-0.024996787
-0.024669477
-0.02433654
-0.023998053
-0.023654093
-0.023304739
-0.02295007
-0.022590167
-0.022225113
-0.02185499
-0.021479883
-0.021099878
-0.02071506
-0.020325519
-0.019931343
-0.019532621
-0.019129445
-0.018721907
-0.0183101
-0.017894116
-0.017474053
-0.017050004
-0.016622068
-0.016190341
-0.015754922
-0.01531591
-0.014873406
-0.01442751
-0.013978324
-0.01352595
-0.013070492
-0.012612054
-0.01215074
-0.011686655
-0.011219905
-0.010750596
-0.010278836
-0.0098047321
-0.0093283924
-0.0088499256
-0.0083694407
-0.0078870474
-0.0074028556
-0.0069169757
-0.0064295186
-0.0059405953
-0.0054503175
-0.0049587968
-0.0044661454
-0.0039724756
-0.0034778999
-0.0029825313
-0.0024864825
-0.0019898667
-0.0014927972
-0.00099538727
-0.00049775038
0
