0
-0.00064731181
-0.001294374
-0.0019409369
-0.0025867513
-0.003231568
-0.0038751383
-0.0045172141
-0.0051575477
-0.0057958922
-0.0064320013
-0.0070656297
-0.0076965331
-0.0083244681
-0.0089491926
-0.0095704656
-0.010188048
-0.0108017
-0.011411187
-0.012016273
-0.012616724
-0.01321231
-0.0138028
-0.014387967
-0.014967585
-0.015541431
-0.016109282
-0.016670922
-0.017226131
-0.017774698
-0.018316409
-0.018851057
-0.019378435
-0.01989834
-0.020410571
-0.02091493
-0.021411224
-0.021899261
-0.022378853
-0.022849814
-0.023311964
-0.023765124
-0.024209119
-0.024643779
-0.025068935
-0.025484425
-0.025890087
-0.026285765
-0.026671307
-0.027046564
-0.027411392
-0.027765649
-0.0281092
-0.028441913
-0.028763657
-0.029074311
-0.029373754
-0.02966187
-0.029938549
-0.030203685
-0.030457174
-0.030698919
-0.030928828
-0.031146812
-0.031352786
-0.031546671
-0.031728393
-0.031897882
-0.032055072
-0.032199903
-0.032332319
-0.03245227
-0.032559709
-0.032654594
-0.03273689
-0.032806565
-0.032863591
-0.032907948
-0.032939617
-0.032958588
-0.032964852
-0.032958408
-0.032939258
-0.032907409
-0.032862874
-0.03280567
-0.03273582
-0.032653349
-0.032558291
-0.032450683
-0.032330564
-0.032197983
-0.03205299
-0.03189564
-0.031725996
-0.031544123
-0.031350089
-0.031143972
-0.030925849
-0.030695806
-0.030453931
-0.030200316
-0.029935062
-0.029658268
-0.029370043
-0.029070497
-0.028759746
-0.028437911
-0.028105114
-0.027761484
-0.027407154
-0.027042261
-0.026666944
-0.02628135
-0.025885626
-0.025479926
-0.025064405
-0.024639224
-0.024204547
-0.023760541
-0.023307377
-0.022845231
-0.02237428
-0.021894706
-0.021406694
-0.020910431
-0.02040611
-0.019893925
-0.019374073
-0.018846754
-0.018312172
-0.017770532
-0.017222044
-0.01666692
-0.016105372
-0.015537617
-0.014963874
-0.014384365
-0.013799312
-0.013208942
-0.012613481
-0.012013159
-0.011408208
-0.010798861
-0.010185351
-0.0095679173
-0.008946796
-0.0083222269
-0.0076944507
-0.0070637094
-0.006430246
-0.0057943046
-0.0051561303
-0.0045159691
-0.0038740675
-0.0032306731
-0.0025860337
-0.0019403978
-0.0012940141
-0.00064713173
0
