0
-0.00066813409
-0.0013359936
-0.0020033041
-0.0026697913
-0.0033351813
-0.0039992007
-0.0046615765
-0.0053220366
-0.0059803096
-0.0066361249
-0.0072892131
-0.0079393057
-0.0085861355
-0.0092294368
-0.0098689453
-0.010504398
-0.011135534
-0.011762094
-0.01238382
-0.013000457
-0.013611751
-0.014217452
-0.01481731
-0.015411079
-0.015998515
-0.016579376
-0.017153425
-0.017720424
-0.018280142
-0.018832347
-0.019376814
-0.019913318
-0.020441639
-0.02096156
-0.021472868
-0.021975352
-0.022468806
-0.022953027
-0.023427816
-0.023892979
-0.024348324
-0.024793663
-0.025228815
-0.025653601
-0.026067845
-0.026471378
-0.026864035
-0.027245653
-0.027616076
-0.027975152
-0.028322734
-0.028658678
-0.028982848
-0.029295109
-0.029595333
-0.029883398
-0.030159185
-0.03042258
-0.030673476
-0.03091177
-0.031137364
-0.031350165
-0.031550086
-0.031737045
-0.031910965
-0.032071775
-0.032219409
-0.032353806
-0.032474912
-0.032582676
-0.032677055
-0.032758009
-0.032825506
-0.032879519
-0.032920024
-0.032947005
-0.032960453
-0.03296036
-0.032946727
-0.03291956
-0.032878871
-0.032824676
-0.032756996
-0.032675862
-0.032581305
-0.032473365
-0.032352086
-0.032217518
-0.032069716
-0.031908742
-0.031734661
-0.031547546
-0.031347473
-0.031134524
-0.030908786
-0.030670354
-0.030419325
-0.030155801
-0.029879892
-0.029591711
-0.029291375
-0.02897901
-0.028654742
-0.028318706
-0.027971039
-0.027611885
-0.02724139
-0.026859708
-0.026466994
-0.026063411
-0.025649123
-0.025224302
-0.024789122
-0.024343762
-0.023888404
-0.023423236
-0.022948448
-0.022464237
-0.0219708
-0.02146834
-0.020957064
-0.020437182
-0.019908908
-0.019372457
-0.018828051
-0.018275914
-0.017716271
-0.017149354
-0.016575394
-0.015994627
-0.015407293
-0.014813631
-0.014213887
-0.013608306
-0.012997137
-0.01238063
-0.01175904
-0.011132621
-0.010501631
-0.0098663284
-0.0092269745
-0.0085838317
-0.0079371642
-0.0072872375
-0.0066343185
-0.0059786752
-0.005320577
-0.004660294
-0.0039980974
-0.0033342592
-0.0026690518
-0.0020027484
-0.0013356226
-0.00066794845
0
