0
-0.00075585149
-0.0015113054
-0.0022659642
-0.0030194311
-0.0037713096
-0.0045212043
-0.0052687206
-0.0060134654
-0.0067550469
-0.0074930749
-0.0082271614
-0.00895692
-0.0096819671
-0.010401921
-0.011116403
-0.011825038
-0.012527452
-0.013223277
-0.013912146
-0.014593697
-0.015267571
-0.015933414
-0.016590876
-0.017239611
-0.017879278
-0.01850954
-0.019130066
-0.01974053
-0.02034061
-0.020929991
-0.021508363
-0.022075422
-0.02263087
-0.023174414
-0.023705769
-0.024224655
-0.0247308
-0.025223937
-0.025703808
-0.026170159
-0.026622745
-0.02706133
-0.027485682
-0.027895577
-0.028290802
-0.028671147
-0.029036413
-0.029386408
-0.029720948
-0.030039857
-0.030342968
-0.030630122
-0.030901167
-0.031155961
-0.03139437
-0.031616269
-0.031821542
-0.03201008
-0.032181785
-0.032336567
-0.032474344
-0.032595044
-0.032698604
-0.032784969
-0.032854094
-0.032905944
-0.03294049
-0.032957715
-0.03295761
-0.032940175
-0.03290542
-0.032853363
-0.032784031
-0.032697462
-0.0325937
-0.032472801
-0.032334828
-0.032179854
-0.032007961
-0.031819239
-0.031613787
-0.031391714
-0.031153137
-0.030898181
-0.03062698
-0.030339677
-0.030036424
-0.029717379
-0.029382712
-0.029032597
-0.028667219
-0.02828677
-0.027891451
-0.027481469
-0.02705704
-0.026618387
-0.026165741
-0.025699339
-0.025219428
-0.02472626
-0.024220094
-0.023701195
-0.023169838
-0.022626301
-0.02207087
-0.021503838
-0.020925502
-0.020336166
-0.01973614
-0.019125741
-0.018505288
-0.017875107
-0.017235531
-0.016586896
-0.015929541
-0.015263814
-0.014590063
-0.013908644
-0.013219914
-0.012524235
-0.011821973
-0.011113498
-0.01039918
-0.0096793974
-0.0089545267
-0.0082249494
-0.0074910489
-0.0067532111
-0.0060118238
-0.0052672766
-0.0045199608
-0.0037702694
-0.0030185963
-0.0022653366
-0.0015108862
-0.00075564168
0
