0
-0.00059861739
-0.0011970373
-0.0017950623
-0.0023924951
-0.0029891387
-0.0035847962
-0.004179271
-0.0047723671
-0.0053638889
-0.0059536411
-0.0065414293
-0.0071270595
-0.0077103386
-0.008291074
-0.0088690743
-0.0094441488
-0.010016108
-0.010584763
-0.011149925
-0.01171141
-0.012269032
-0.012822605
-0.013371949
-0.013916882
-0.014457224
-0.014992797
-0.015523423
-0.016048929
-0.016569141
-0.017083887
-0.017592998
-0.018096304
-0.018593642
-0.019084846
-0.019569754
-0.020048207
-0.020520047
-0.020985118
-0.021443266
-0.021894342
-0.022338195
-0.02277468
-0.023203652
-0.023624971
-0.024038496
-0.024444093
-0.024841626
-0.025230966
-0.025611983
-0.025984553
-0.026348551
-0.026703859
-0.027050359
-0.027387936
-0.02771648
-0.028035883
-0.028346038
-0.028646843
-0.028938201
-0.029220014
-0.029492189
-0.029754637
-0.030007272
-0.03025001
-0.030482771
-0.030705479
-0.030918059
-0.031120443
-0.031312563
-0.031494356
-0.031665762
-0.031826725
-0.031977192
-0.032117113
-0.032246442
-0.032365137
-0.032473158
-0.03257047
-0.032657041
-0.032732842
-0.032797849
-0.032852041
-0.032895398
-0.032927908
-0.032949559
-0.032960345
-0.032960262
-0.03294931
-0.032927493
-0.032894818
-0.032851295
-0.032796941
-0.032731771
-0.032655809
-0.032569079
-0.032471609
-0.032363432
-0.032244584
-0.032115105
-0.031975036
-0.031824424
-0.031663318
-0.031491773
-0.031309844
-0.031117592
-0.03091508
-0.030702375
-0.030479548
-0.030246671
-0.030003821
-0.029751079
-0.029488529
-0.029216256
-0.02893435
-0.028642906
-0.028342017
-0.028031785
-0.027712311
-0.027383701
-0.027046063
-0.026699509
-0.026344152
-0.02598011
-0.025607503
-0.025226455
-0.024837089
-0.024439536
-0.024033926
-0.023620393
-0.023199073
-0.022770105
-0.022333631
-0.021889794
-0.021438741
-0.020980621
-0.020515585
-0.020043786
-0.019565379
-0.019080522
-0.018589376
-0.018092102
-0.017588864
-0.017079828
-0.016565161
-0.016045035
-0.015519619
-0.014989087
-0.014453614
-0.013913377
-0.013368554
-0.012819323
-0.012265868
-0.011708369
-0.01114701
-0.010581977
-0.010013457
-0.0094416349
-0.0088667011
-0.0082888445
-0.0077082558
-0.0071251262
-0.006539648
-0.0059520142
-0.0053624185
-0.0047710552
-0.0041781192
-0.0035838061
-0.0029883116
-0.0023918322
-0.0017945643
-0.0011967049
-0.0005984511
0
