0
-0.00086293005
-0.0017252684
-0.0025864239
-0.0034458061
-0.0043028257
-0.0051568951
-0.0060074288
-0.0068538436
-0.0076955592
-0.0085319986
-0.0093625882
-0.010186759
-0.011003945
-0.011813586
-0.012615128
-0.013408021
-0.014191721
-0.014965692
-0.015729401
-0.016482327
-0.017223952
-0.017953769
-0.018671277
-0.019375984
-0.020067407
-0.020745073
-0.021408516
-0.022057282
-0.022690927
-0.023309016
-0.023911125
-0.024496842
-0.025065765
-0.025617505
-0.026151684
-0.026667934
-0.027165904
-0.027645251
-0.028105647
-0.028546776
-0.028968337
-0.02937004
-0.029751611
-0.030112788
-0.030453324
-0.030772985
-0.031071553
-0.031348823
-0.031604605
-0.031838725
-0.032051021
-0.032241349
-0.032409579
-0.032555595
-0.032679297
-0.032780602
-0.032859439
-0.032915756
-0.032949513
-0.032960688
-0.032949274
-0.032915277
-0.032858723
-0.03277965
-0.032678112
-0.03255418
-0.032407938
-0.032239487
-0.032048942
-0.031836435
-0.031602111
-0.031346132
-0.031068671
-0.030769921
-0.030450086
-0.030109386
-0.029748053
-0.029366336
-0.028964497
-0.02854281
-0.028101567
-0.027641067
-0.027161629
-0.026663579
-0.026147261
-0.025613026
-0.025061243
-0.024492288
-0.023906552
-0.023304437
-0.022686354
-0.022052728
-0.021403993
-0.020740594
-0.020062984
-0.019371629
-0.018667002
-0.017949586
-0.017219872
-0.016478361
-0.015725561
-0.014961987
-0.014188163
-0.013404618
-0.01261189
-0.011810522
-0.011001063
-0.010184067
-0.0093600943
-0.0085297091
-0.0076934804
-0.0068519812
-0.0060057878
-0.0051554801
-0.0043016406
-0.0034448541
-0.0025857076
-0.0017247898
-0.00086269041
0
