0
-0.00045819359
-0.00091629861
-0.0013742265
-0.0018318887
-0.0022891968
-0.0027460624
-0.0032023972
-0.0036581128
-0.0041131214
-0.0045673348
-0.0050206653
-0.0054730253
-0.0059243273
-0.006374484
-0.0068234085
-0.007271014
-0.0077172139
-0.008161922
-0.0086050523
-0.0090465193
-0.0094862374
-0.0099241218
-0.010360088
-0.010794051
-0.011225928
-0.011655635
-0.012083088
-0.012508206
-0.012930906
-0.013351106
-0.013768726
-0.014183684
-0.0145959
-0.015005295
-0.015411789
-0.015815305
-0.016215763
-0.016613086
-0.017007198
-0.017398023
-0.017785485
-0.018169509
-0.01855002
-0.018926946
-0.019300214
-0.019669751
-0.020035485
-0.020397348
-0.020755267
-0.021109174
-0.021459002
-0.021804681
-0.022146146
-0.02248333
-0.022816168
-0.023144597
-0.023468551
-0.02378797
-0.024102791
-0.024412953
-0.024718396
-0.025019061
-0.025314891
-0.025605828
-0.025891816
-0.026172799
-0.026448724
-0.026719537
-0.026985186
-0.027245618
-0.027500785
-0.027750637
-0.027995126
-0.028234203
-0.028467824
-0.028695943
-0.028918515
-0.029135499
-0.029346851
-0.029552532
-0.029752502
-0.029946721
-0.030135152
-0.03031776
-0.030494508
-0.030665363
-0.030830292
-0.030989262
-0.031142243
-0.031289206
-0.031430122
-0.031564964
-0.031693706
-0.031816323
-0.031932792
-0.032043089
-0.032147195
-0.032245087
-0.032336749
-0.032422161
-0.032501309
-0.032574175
-0.032640747
-0.032701011
-0.032754956
-0.032802572
-0.032843848
-0.032878779
-0.032907355
-0.032929573
-0.032945428
-0.032954917
-0.032958037
-0.03295479
-0.032945174
-0.032929192
-0.032906848
-0.032878145
-0.03284309
-0.032801688
-0.032753948
-0.032699879
-0.032639492
-0.032572799
-0.032499812
-0.032420545
-0.032335014
-0.032243236
-0.032145228
-0.032041009
-0.031930599
-0.031814019
-0.031691294
-0.031562445
-0.031427497
-0.031286478
-0.031139415
-0.030986335
-0.030827268
-0.030662245
-0.030491299
-0.030314461
-0.030131767
-0.029943251
-0.029748951
-0.029548903
-0.029343146
-0.02913172
-0.028914667
-0.028692027
-0.028463844
-0.028230163
-0.027991027
-0.027746484
-0.027496581
-0.027241366
-0.026980888
-0.026715198
-0.026444347
-0.026168387
-0.025887372
-0.025601356
-0.025310395
-0.025014544
-0.024713861
-0.024408403
-0.024098231
-0.023783403
-0.023463981
-0.023140026
-0.022811602
-0.02247877
-0.022141597
-0.021800146
-0.021454484
-0.021104678
-0.020750795
-0.020392904
-0.020031073
-0.019665373
-0.019295875
-0.018922649
-0.018545768
-0.018165304
-0.017781332
-0.017393925
-0.017003158
-0.016609107
-0.016211847
-0.015811456
-0.015408011
-0.01500159
-0.014592271
-0.014180133
-0.013765256
-0.013347721
-0.012927607
-0.012504997
-0.01207997
-0.011652611
-0.011223001
-0.010791223
-0.01035736
-0.0099214972
-0.0094837178
-0.0090441067
-0.0086027486
-0.0081597289
-0.0077151331
-0.0072690471
-0.0068215571
-0.0063727495
-0.005922711
-0.0054715285
-0.0050192891
-0.0045660803
-0.0041119896
-0.0036571046
-0.0032015132
-0.0027453035
-0.0022885635
-0.0018313815
-0.0013738457
-0.00091604459
-0.00045806653
0
