0
-0.0004582741
-0.00091645961
-0.001374468
-0.0018322106
-0.0022895991
-0.0027465449
-0.0032029599
-0.0036587556
-0.0041138441
-0.0045681373
-0.0050215475
-0.0054739869
-0.0059253682
-0.006375604
-0.0068246074
-0.0072722915
-0.0077185698
-0.008163356
-0.0086065642
-0.0090481087
-0.0094879041
-0.0099258654
-0.010361908
-0.010795948
-0.0112279
-0.011657682
-0.012085211
-0.012510404
-0.012933178
-0.013353452
-0.013771145
-0.014186176
-0.014598464
-0.015007931
-0.015414497
-0.015818083
-0.016218611
-0.016616004
-0.017010186
-0.017401079
-0.017788609
-0.0181727
-0.018553279
-0.018930271
-0.019303604
-0.019673205
-0.020039004
-0.02040093
-0.020758912
-0.021112882
-0.02146277
-0.02180851
-0.022150035
-0.022487278
-0.022820175
-0.023148661
-0.023472673
-0.023792147
-0.024107023
-0.024417239
-0.024722736
-0.025023454
-0.025319336
-0.025610324
-0.025896362
-0.026177395
-0.026453368
-0.026724228
-0.026989923
-0.027250401
-0.027505613
-0.027755509
-0.02800004
-0.028239159
-0.028472821
-0.028700979
-0.028923591
-0.029140613
-0.029352002
-0.029557719
-0.029757723
-0.029951976
-0.030140441
-0.03032308
-0.030499859
-0.030670744
-0.030835701
-0.030994699
-0.031147708
-0.031294696
-0.031435637
-0.031570502
-0.031699267
-0.031821905
-0.031938394
-0.032048711
-0.032152834
-0.032250744
-0.032342421
-0.032427849
-0.03250701
-0.032579889
-0.032646472
-0.032706747
-0.032760701
-0.032808325
-0.032849609
-0.032884545
-0.032913126
-0.032935348
-0.032951205
-0.032960695
-0.032963817
-0.032960568
-0.032950951
-0.032934966
-0.032912618
-0.032883909
-0.032848847
-0.032807438
-0.03275969
-0.032705612
-0.032645214
-0.032578509
-0.032505509
-0.032426228
-0.032340682
-0.032248887
-0.032150862
-0.032046624
-0.031936195
-0.031819595
-0.031696847
-0.031567976
-0.031433005
-0.031291961
-0.031144871
-0.030991764
-0.030832669
-0.030667618
-0.030496641
-0.030319772
-0.030137046
-0.029948497
-0.029754162
-0.029554079
-0.029348286
-0.029136824
-0.028919732
-0.028697053
-0.02846883
-0.028235107
-0.02799593
-0.027751344
-0.027501397
-0.027246137
-0.026985613
-0.026719877
-0.026448978
-0.02617297
-0.025891906
-0.02560584
-0.025314827
-0.025018924
-0.024718188
-0.024412677
-0.02410245
-0.023787567
-0.023468089
-0.023144078
-0.022815595
-0.022482706
-0.022145473
-0.021803963
-0.02145824
-0.021108373
-0.020754428
-0.020396474
-0.02003458
-0.019668816
-0.019299252
-0.018925961
-0.018549014
-0.018168484
-0.017784444
-0.017396969
-0.017006134
-0.016612014
-0.016214685
-0.015814224
-0.015410708
-0.015004215
-0.014594825
-0.014182615
-0.013767666
-0.013350057
-0.01292987
-0.012507185
-0.012082084
-0.01165465
-0.011224965
-0.010793111
-0.010359173
-0.0099232334
-0.0094853774
-0.0090456893
-0.008604254
-0.0081611568
-0.0077164832
-0.0072703191
-0.0068227508
-0.0063738647
-0.0059237474
-0.0054724859
-0.0050201674
-0.0045668793
-0.0041127091
-0.0036577445
-0.0032020734
-0.0027457839
-0.002288964
-0.0018317019
-0.0013740861
-0.00091620488
-0.00045814668
0
