0
-0.00054225091
-0.0010843551
-0.0016261657
-0.0021675363
-0.0027083202
-0.0032483711
-0.0037875429
-0.0043256895
-0.0048626655
-0.0053983254
-0.0059325242
-0.0064651174
-0.0069959609
-0.0075249109
-0.0080518244
-0.0085765587
-0.0090989718
-0.0096189223
-0.01013627
-0.010650873
-0.011162595
-0.011671295
-0.012176837
-0.012679083
-0.013177897
-0.013673145
-0.014164693
-0.014652407
-0.015136156
-0.015615808
-0.016091234
-0.016562306
-0.017028895
-0.017490875
-0.017948122
-0.018400512
-0.018847922
-0.019290231
-0.01972732
-0.02015907
-0.020585364
-0.021006088
-0.021421127
-0.021830369
-0.022233703
-0.02263102
-0.023022213
-0.023407176
-0.023785804
-0.024157996
-0.024523651
-0.024882669
-0.025234953
-0.025580409
-0.025918942
-0.026250462
-0.026574878
-0.026892103
-0.027202051
-0.027504639
-0.027799783
-0.028087405
-0.028367427
-0.028639773
-0.028904369
-0.029161144
-0.029410028
-0.029650954
-0.029883858
-0.030108675
-0.030325345
-0.03053381
-0.030734013
-0.030925901
-0.03110942
-0.031284523
-0.03145116
-0.031609288
-0.031758864
-0.031899846
-0.032032198
-0.032155883
-0.032270868
-0.032377121
-0.032474615
-0.032563323
-0.032643221
-0.032714287
-0.032776502
-0.03282985
-0.032874316
-0.032909888
-0.032936556
-0.032954314
-0.032963156
-0.03296308
-0.032954087
-0.032936179
-0.032909361
-0.032873639
-0.032829025
-0.032775529
-0.032713167
-0.032641956
-0.032561914
-0.032473063
-0.032375428
-0.032269035
-0.032153913
-0.032030093
-0.031897608
-0.031756495
-0.031606792
-0.031448539
-0.031281779
-0.031106557
-0.030922922
-0.030730921
-0.030530608
-0.030322037
-0.030105264
-0.029880348
-0.02964735
-0.029406332
-0.029157361
-0.028900503
-0.028635828
-0.028363407
-0.028083315
-0.027795627
-0.027500421
-0.027197777
-0.026887777
-0.026570504
-0.026246045
-0.025914487
-0.02557592
-0.025230436
-0.024878128
-0.024519092
-0.024153424
-0.023781223
-0.023402591
-0.02301763
-0.022626443
-0.022229137
-0.021825819
-0.021416598
-0.021001585
-0.020580892
-0.020154633
-0.019722923
-0.01928588
-0.018843621
-0.018396265
-0.017943935
-0.017486751
-0.017024839
-0.016558323
-0.016087328
-0.015611983
-0.015132416
-0.014648756
-0.014161135
-0.013669685
-0.013174537
-0.012675827
-0.012173689
-0.011668259
-0.011159673
-0.01064807
-0.010133587
-0.0096163633
-0.0090965393
-0.0085742553
-0.0080496527
-0.0075228732
-0.0069940593
-0.0064633541
-0.005930901
-0.0053968441
-0.0048613278
-0.0043244968
-0.0037864964
-0.003247472
-0.0027075695
-0.0021669347
-0.001625714
-0.0010840536
-0.00054210011
0
