0
-0.00043154147
-0.00086300897
-0.0012943285
-0.0017254262
-0.0021562282
-0.0025866605
-0.0030166494
-0.0034461212
-0.0038750023
-0.0043032192
-0.0047306984
-0.0051573667
-0.005583151
-0.0060079782
-0.0064317756
-0.0068544704
-0.0072759903
-0.007696263
-0.0081152165
-0.0085327788
-0.0089488786
-0.0093634444
-0.0097764051
-0.01018769
-0.010597229
-0.011004951
-0.011410787
-0.011814667
-0.012216521
-0.012616282
-0.01301388
-0.013409247
-0.013802316
-0.014193019
-0.014581289
-0.01496706
-0.015350265
-0.01573084
-0.016108717
-0.016483834
-0.016856125
-0.017225527
-0.017591977
-0.017955411
-0.018315767
-0.018672984
-0.019027
-0.019377755
-0.019725189
-0.020069242
-0.020409855
-0.020746969
-0.021080528
-0.021410473
-0.021736749
-0.022059299
-0.022378068
-0.022693001
-0.023004045
-0.023311146
-0.023614252
-0.023913311
-0.02420827
-0.024499081
-0.024785693
-0.025068057
-0.025346124
-0.025619847
-0.025889179
-0.026154074
-0.026414486
-0.026670372
-0.026921686
-0.027168387
-0.027410431
-0.027647777
-0.027880385
-0.028108215
-0.028331228
-0.028549385
-0.028762649
-0.028970984
-0.029174354
-0.029372725
-0.029566061
-0.02975433
-0.0299375
-0.03011554
-0.030288419
-0.030456107
-0.030618576
-0.030775797
-0.030927745
-0.031074392
-0.031215714
-0.031351687
-0.031482288
-0.031607493
-0.031727282
-0.031841634
-0.031950529
-0.032053949
-0.032151877
-0.032244295
-0.032331187
-0.03241254
-0.032488338
-0.032558569
-0.032623221
-0.032682283
-0.032735744
-0.032783597
-0.032825831
-0.032862441
-0.03289342
-0.032918763
-0.032938465
-0.032952523
-0.032960935
-0.032963699
-0.032960815
-0.032952283
-0.032938105
-0.032918283
-0.032892822
-0.032861724
-0.032824996
-0.032782644
-0.032734674
-0.032681096
-0.032621919
-0.032557153
-0.032486808
-0.032410897
-0.032329433
-0.032242431
-0.032149904
-0.032051869
-0.031948342
-0.031839342
-0.031724887
-0.031604997
-0.031479692
-0.031348993
-0.031212924
-0.031071508
-0.030924768
-0.03077273
-0.030615421
-0.030452866
-0.030285094
-0.030112134
-0.029934015
-0.029750768
-0.029562425
-0.029369017
-0.029170577
-0.028967141
-0.028758741
-0.028545416
-0.0283272
-0.028104132
-0.027876249
-0.02764359
-0.027406197
-0.027164108
-0.026917366
-0.026666013
-0.026410092
-0.026149647
-0.025884722
-0.025615364
-0.025341617
-0.02506353
-0.024781149
-0.024494523
-0.024203701
-0.023908734
-0.023609671
-0.023306563
-0.022999464
-0.022688424
-0.022373499
-0.022054741
-0.021732205
-0.021405946
-0.021076021
-0.020742486
-0.020405398
-0.020064815
-0.019720795
-0.019373396
-0.01902268
-0.018668705
-0.018311533
-0.017951223
-0.01758784
-0.017221443
-0.016852097
-0.016479865
-0.016104809
-0.015726996
-0.015346488
-0.014963352
-0.014577653
-0.014189457
-0.013798831
-0.013405841
-0.013010555
-0.012613041
-0.012213366
-0.0118116
-0.01140781
-0.011002067
-0.010594439
-0.010184996
-0.0097738091
-0.0093609481
-0.0089464838
-0.0085304872
-0.0081130295
-0.0076941822
-0.0072740172
-0.0068526062
-0.0064300216
-0.0060063357
-0.005581621
-0.0051559504
-0.0047293967
-0.0043020329
-0.0038739324
-0.0034451683
-0.0030158142
-0.0025859435
-0.0021556299
-0.0017249471
-0.0012939689
-0.0008627691
-0.00043142149
0
