0
-0.0006680754
-0.0013358763
-0.0020031281
-0.0026695568
-0.0033348883
-0.0039988494
-0.004661167
-0.0053215691
-0.0059797843
-0.006635542
-0.0072885728
-0.0079386083
-0.0085853813
-0.0092286262
-0.0098680784
-0.010503475
-0.011134556
-0.011761061
-0.012382732
-0.012999315
-0.013610556
-0.014216203
-0.014816009
-0.015409726
-0.01599711
-0.01657792
-0.017151918
-0.017718868
-0.018278536
-0.018830693
-0.019375112
-0.01991157
-0.020439844
-0.02095972
-0.021470983
-0.021973423
-0.022466833
-0.022951012
-0.02342576
-0.023890881
-0.024346186
-0.024791487
-0.025226601
-0.025651349
-0.026065557
-0.026469055
-0.026861677
-0.027243262
-0.027613652
-0.027972697
-0.028320248
-0.028656163
-0.028980304
-0.029292538
-0.029592736
-0.029880776
-0.030156539
-0.030419911
-0.030670786
-0.030909059
-0.031134633
-0.031347415
-0.031547319
-0.031734261
-0.031908166
-0.032068962
-0.032216583
-0.032350969
-0.032472064
-0.032579819
-0.03267419
-0.032755137
-0.032822628
-0.032876636
-0.032917138
-0.032944117
-0.032957563
-0.03295747
-0.032943839
-0.032916675
-0.032875989
-0.032821799
-0.032754126
-0.032672998
-0.03257845
-0.032470519
-0.032349251
-0.032214695
-0.032066906
-0.031905946
-0.031731881
-0.031544782
-0.031344726
-0.031131796
-0.030906079
-0.030667668
-0.03041666
-0.03015316
-0.029877275
-0.029589119
-0.02928881
-0.028976472
-0.028652233
-0.028316226
-0.02796859
-0.027609467
-0.027239005
-0.026857356
-0.026464677
-0.026061129
-0.025646878
-0.025222094
-0.024786952
-0.024341631
-0.023886313
-0.023421185
-0.02294644
-0.02246227
-0.021968877
-0.021466461
-0.02095523
-0.020435394
-0.019907165
-0.019370762
-0.018826404
-0.018274315
-0.017714721
-0.017147853
-0.016573944
-0.015993228
-0.015405945
-0.014812335
-0.014212643
-0.013607115
-0.012995999
-0.012379547
-0.011758011
-0.011131647
-0.010500712
-0.0098654652
-0.0092261672
-0.0085830807
-0.0079364698
-0.0072866
-0.0066337381
-0.0059781522
-0.0053201116
-0.0046598864
-0.0039977477
-0.0033339675
-0.0026688183
-0.0020025732
-0.0013355058
-0.00066789002
0
