0
-0.00036989274
-0.00073973889
-0.0011094919
-0.0014791052
-0.0018485321
-0.0022177263
-0.0025866412
-0.0029552303
-0.0033234473
-0.0036912457
-0.0040585792
-0.0044254016
-0.0047916667
-0.0051573283
-0.0055223404
-0.0058866571
-0.0062502323
-0.0066130205
-0.0069749758
-0.0073360527
-0.0076962057
-0.0080553895
-0.0084135588
-0.0087706685
-0.0091266736
-0.0094815294
-0.0098351911
-0.010187614
-0.010538754
-0.010888567
-0.011237009
-0.011584035
-0.011929603
-0.012273668
-0.012616188
-0.012957119
-0.013296418
-0.013634042
-0.01396995
-0.014304098
-0.014636445
-0.014966949
-0.015295567
-0.01562226
-0.015946985
-0.016269702
-0.01659037
-0.016908949
-0.017225399
-0.017539679
-0.017851751
-0.018161574
-0.01846911
-0.018774321
-0.019077167
-0.019377611
-0.019675615
-0.019971141
-0.020264152
-0.020554611
-0.020842482
-0.021127728
-0.021410314
-0.021690203
-0.021967362
-0.022241753
-0.022513345
-0.022782101
-0.023047988
-0.023310973
-0.023571023
-0.023828104
-0.024082185
-0.024333234
-0.024581218
-0.024826107
-0.02506787
-0.025306476
-0.025541896
-0.0257741
-0.026003058
-0.026228742
-0.026451123
-0.026670173
-0.026885866
-0.027098173
-0.027307067
-0.027512524
-0.027714516
-0.027913018
-0.028108006
-0.028299455
-0.02848734
-0.028671639
-0.028852327
-0.029029382
-0.029202783
-0.029372506
-0.029538531
-0.029700837
-0.029859403
-0.03001421
-0.030165238
-0.030312467
-0.03045588
-0.030595459
-0.030731185
-0.030863042
-0.030991014
-0.031115083
-0.031235235
-0.031351454
-0.031463726
-0.031572037
-0.031676373
-0.03177672
-0.031873067
-0.031965401
-0.032053711
-0.032137985
-0.032218213
-0.032294385
-0.032366491
-0.032434523
-0.032498471
-0.032558327
-0.032614085
-0.032665736
-0.032713275
-0.032756696
-0.032795993
-0.032831162
-0.032862197
-0.032889095
-0.032911853
-0.032930467
-0.032944936
-0.032955258
-0.03296143
-0.032963454
-0.032961328
-0.032955052
-0.032944628
-0.032930056
-0.03291134
-0.03288848
-0.03286148
-0.032830343
-0.032795074
-0.032755677
-0.032712156
-0.032664517
-0.032612767
-0.032556911
-0.032496957
-0.032432912
-0.032364785
-0.032292584
-0.032216318
-0.032135997
-0.032051631
-0.03196323
-0.031870806
-0.03177437
-0.031673935
-0.031569513
-0.031461117
-0.031348761
-0.031232459
-0.031112226
-0.030988077
-0.030860027
-0.030728094
-0.030592292
-0.03045264
-0.030309155
-0.030161855
-0.030010759
-0.029855886
-0.029697254
-0.029534885
-0.029368799
-0.029199016
-0.029025558
-0.028848447
-0.028667705
-0.028483355
-0.028295419
-0.028103923
-0.02790889
-0.027710344
-0.02750831
-0.027302814
-0.027093882
-0.02688154
-0.026665815
-0.026446734
-0.026224324
-0.025998614
-0.025769632
-0.025537407
-0.025301967
-0.025063344
-0.024821566
-0.024576664
-0.024328669
-0.024077613
-0.023823526
-0.023566441
-0.02330639
-0.023043407
-0.022777523
-0.022508772
-0.022237189
-0.021962808
-0.021685662
-0.021405788
-0.021123219
-0.020837993
-0.020550143
-0.020259708
-0.019966723
-0.019671226
-0.019373253
-0.019072842
-0.018770031
-0.018464857
-0.01815736
-0.017847578
-0.01753555
-0.017221316
-0.016904914
-0.016586385
-0.016265768
-0.015943105
-0.015618436
-0.015291801
-0.014963241
-0.014632799
-0.014300515
-0.013966432
-0.013630591
-0.013293035
-0.012953806
-0.012612947
-0.012270501
-0.011926511
-0.01158102
-0.011234072
-0.01088571
-0.010535978
-0.010184921
-0.0098325814
-0.0094790049
-0.0091242356
-0.0087683181
-0.0084112972
-0.0080532179
-0.0076941252
-0.0073340644
-0.0069730806
-0.0066112194
-0.0062485263
-0.0058850469
-0.0055208269
-0.0051559122
-0.0047903487
-0.0044241825
-0.0040574595
-0.003690226
-0.0033225281
-0.0029544121
-0.0025859243
-0.0022171112
-0.0018480191
-0.0014786944
-0.0011091836
-0.0007395333
-0.00036978991
0
