0
-0.00066819279
-0.001336111
-0.0020034801
-0.0026700258
-0.0033354743
-0.003999552
-0.004661986
-0.0053225042
-0.005980835
-0.0066367079
-0.0072898534
-0.0079400031
-0.0085868897
-0.0092302475
-0.0098698121
-0.010505321
-0.011136512
-0.011763127
-0.012384907
-0.013001599
-0.013612947
-0.014218701
-0.014818611
-0.015412433
-0.01599992
-0.016580833
-0.017154931
-0.01772198
-0.018281747
-0.018834001
-0.019378515
-0.019915067
-0.020443434
-0.020963401
-0.021474753
-0.021977282
-0.022470779
-0.022955042
-0.023429873
-0.023895076
-0.024350461
-0.02479584
-0.02523103
-0.025655853
-0.026070133
-0.026473702
-0.026866393
-0.027248044
-0.0276185
-0.027977607
-0.028325219
-0.028661193
-0.028985391
-0.029297679
-0.02959793
-0.02988602
-0.030161831
-0.030425249
-0.030676167
-0.030914482
-0.031140096
-0.031352915
-0.031552854
-0.031739829
-0.031913764
-0.032074588
-0.032222235
-0.032356644
-0.03247776
-0.032585533
-0.03267992
-0.032760882
-0.032828385
-0.032882401
-0.03292291
-0.032949894
-0.032963342
-0.032963249
-0.032949615
-0.032922446
-0.032881753
-0.032827552
-0.032759867
-0.032678725
-0.03258416
-0.03247621
-0.032354921
-0.032220341
-0.032072526
-0.031911538
-0.031737442
-0.03155031
-0.031350219
-0.031137251
-0.030911494
-0.030673041
-0.030421989
-0.030158443
-0.029882509
-0.029594302
-0.029293941
-0.028981548
-0.028657252
-0.028321186
-0.027973489
-0.027614303
-0.027243776
-0.026862059
-0.026469311
-0.026065693
-0.025651369
-0.025226511
-0.024791292
-0.024345893
-0.023890495
-0.023425286
-0.022950457
-0.022466203
-0.021972723
-0.021470219
-0.020958898
-0.020438971
-0.01991065
-0.019374153
-0.018829699
-0.018277513
-0.017717822
-0.017150855
-0.016576844
-0.015996027
-0.015408641
-0.014814928
-0.014215131
-0.013609496
-0.012998274
-0.012381713
-0.011760069
-0.011133595
-0.01050255
-0.0098671916
-0.0092277817
-0.0085845827
-0.0079378586
-0.007287875
-0.0066348989
-0.0059791983
-0.0053210425
-0.0046607017
-0.0039984472
-0.0033345508
-0.0026692852
-0.0020029236
-0.0013357395
-0.00066800688
0
