0
-0.00049793239
-0.00099575114
-0.0014933426
-0.0019905933
-0.0024873898
-0.0029836185
-0.0034791664
-0.0039739202
-0.0044677671
-0.0049605945
-0.0054522897
-0.0059427407
-0.0064318354
-0.0069194623
-0.0074055101
-0.0078898678
-0.008372425
-0.0088530715
-0.0093316976
-0.0098081941
-0.010282452
-0.010754364
-0.011223821
-0.011690717
-0.012154945
-0.012616399
-0.013074974
-0.013530565
-0.013983069
-0.014432381
-0.0148784
-0.015321023
-0.01576015
-0.016195681
-0.016627515
-0.017055556
-0.017479704
-0.017899863
-0.018315937
-0.018727832
-0.019135453
-0.019538707
-0.019937503
-0.020331749
-0.020721356
-0.021106233
-0.021486295
-0.021861454
-0.022231624
-0.022596721
-0.022956661
-0.023311363
-0.023660746
-0.02400473
-0.024343236
-0.024676187
-0.025003508
-0.025325123
-0.025640959
-0.025950945
-0.02625501
-0.026553083
-0.026845098
-0.027130987
-0.027410686
-0.02768413
-0.027951257
-0.028212007
-0.02846632
-0.028714138
-0.028955403
-0.029190063
-0.029418062
-0.029639349
-0.029853873
-0.030061586
-0.03026244
-0.03045639
-0.03064339
-0.0308234
-0.030996376
-0.031162281
-0.031321076
-0.031472725
-0.031617194
-0.031754449
-0.031884459
-0.032007196
-0.03212263
-0.032230735
-0.032331487
-0.032424864
-0.032510843
-0.032589405
-0.032660532
-0.032724208
-0.032780419
-0.032829152
-0.032870395
-0.03290414
-0.032930378
-0.032949104
-0.032960314
-0.032964004
-0.032960175
-0.032948827
-0.032929963
-0.032903587
-0.032869705
-0.032828325
-0.032779457
-0.032723111
-0.032659301
-0.032588041
-0.032509347
-0.032423238
-0.032329733
-0.032228854
-0.032120623
-0.032005065
-0.031882207
-0.031752077
-0.031614705
-0.031470121
-0.031318359
-0.031159454
-0.030993441
-0.03082036
-0.030640248
-0.030453148
-0.030259102
-0.030058155
-0.029850352
-0.02963574
-0.029414369
-0.02918629
-0.028951554
-0.028710214
-0.028462327
-0.028207948
-0.027947136
-0.02767995
-0.02740645
-0.027126701
-0.026840764
-0.026548706
-0.026250594
-0.025946494
-0.025636477
-0.025320614
-0.024998976
-0.024671636
-0.02433867
-0.024000154
-0.023656164
-0.023306779
-0.022952079
-0.022592145
-0.022227058
-0.021856903
-0.021481763
-0.021101724
-0.020716873
-0.020327298
-0.019933087
-0.019534331
-0.01913112
-0.018723546
-0.018311702
-0.017895682
-0.017475582
-0.017051496
-0.016623522
-0.016191758
-0.0157563
-0.01531725
-0.014874707
-0.014428772
-0.013979547
-0.013527134
-0.013071636
-0.012613158
-0.012151803
-0.011687677
-0.011220886
-0.010751537
-0.010279735
-0.0098055899
-0.0093292086
-0.0088506999
-0.008370173
-0.0078877374
-0.0074035032
-0.0069175809
-0.0064300811
-0.0059411151
-0.0054507943
-0.0049592306
-0.0044665361
-0.0039728231
-0.0034782042
-0.0029827922
-0.0024867
-0.0019900408
-0.0014929278
-0.00099547435
-0.00049779393
0
