0
-0.00059856481
-0.0011969321
-0.0017949046
-0.002392285
-0.0029888761
-0.0035844813
-0.0041789039
-0.0047719479
-0.0053634177
-0.0059531182
-0.0065408547
-0.0071264335
-0.0077096613
-0.0082903457
-0.0088682953
-0.0094433193
-0.010015228
-0.010583833
-0.011148946
-0.011710382
-0.012267954
-0.012821479
-0.013370775
-0.01391566
-0.014455954
-0.01499148
-0.01552206
-0.01604752
-0.016567686
-0.017082387
-0.017591453
-0.018094715
-0.018592009
-0.01908317
-0.019568036
-0.020046447
-0.020518245
-0.020983275
-0.021441384
-0.021892419
-0.022336234
-0.02277268
-0.023201615
-0.023622897
-0.024036386
-0.024441947
-0.024839446
-0.025228751
-0.025609735
-0.025982272
-0.026346239
-0.026701515
-0.027047985
-0.027385533
-0.027714048
-0.028033422
-0.02834355
-0.02864433
-0.028935662
-0.02921745
-0.029489601
-0.029752027
-0.030004639
-0.030247356
-0.030480097
-0.030702785
-0.030915347
-0.031117713
-0.031309816
-0.031491593
-0.031662985
-0.031823934
-0.031974387
-0.032114296
-0.032243614
-0.032362298
-0.03247031
-0.032567614
-0.032654177
-0.032729972
-0.032794974
-0.03284916
-0.032892514
-0.032925021
-0.032946671
-0.032957456
-0.032957373
-0.032946422
-0.032924607
-0.032891934
-0.032848416
-0.032794066
-0.032728903
-0.032652947
-0.032566224
-0.032468763
-0.032360596
-0.032241759
-0.032112291
-0.031972234
-0.031821635
-0.031660544
-0.031489014
-0.031307101
-0.031114866
-0.030912372
-0.030699686
-0.030476878
-0.030244021
-0.030001193
-0.029748474
-0.029485946
-0.029213697
-0.028931816
-0.028640397
-0.028339536
-0.028029331
-0.027709885
-0.027381304
-0.027043695
-0.026697171
-0.026341845
-0.025977836
-0.025605262
-0.025224246
-0.024834915
-0.024437397
-0.024031822
-0.023618325
-0.023197042
-0.022768112
-0.022331676
-0.021887878
-0.021436865
-0.020978785
-0.020513789
-0.020042031
-0.019563667
-0.019078853
-0.018587749
-0.018090519
-0.017587325
-0.017078333
-0.016563712
-0.016043631
-0.015518261
-0.014987775
-0.014452349
-0.01391216
-0.013367384
-0.012818202
-0.012264794
-0.011707344
-0.011146035
-0.010581052
-0.01001258
-0.0094408089
-0.0088659253
-0.0082881194
-0.0077075814
-0.0071245029
-0.0065390759
-0.0059514935
-0.0053619494
-0.0047706378
-0.0041777537
-0.0035834926
-0.0029880502
-0.0023916229
-0.0017944073
-0.0011966003
-0.00059839875
0
