0
-0.00064725495
-0.0012942603
-0.0019407664
-0.0025865241
-0.0032312841
-0.0038747979
-0.0045168173
-0.0051570947
-0.0057953831
-0.0064314363
-0.0070650091
-0.0076958571
-0.008323737
-0.0089484066
-0.0095696251
-0.010187153
-0.010800752
-0.011410185
-0.012015218
-0.012615616
-0.01321115
-0.013801588
-0.014386704
-0.014966271
-0.015540066
-0.016107868
-0.016669458
-0.017224619
-0.017773137
-0.018314801
-0.018849402
-0.019376734
-0.019896593
-0.020408779
-0.020913094
-0.021409344
-0.021897338
-0.022376888
-0.022847808
-0.023309918
-0.023763038
-0.024206994
-0.024641616
-0.025066735
-0.025482188
-0.025887814
-0.026283458
-0.026668966
-0.02704419
-0.027408986
-0.027763213
-0.028106734
-0.028439417
-0.028761134
-0.02907176
-0.029371177
-0.029659268
-0.029935923
-0.030201035
-0.030454502
-0.030696226
-0.030926115
-0.031144079
-0.031350036
-0.031543904
-0.03172561
-0.031895084
-0.032052261
-0.032197079
-0.032329484
-0.032449424
-0.032556854
-0.032651731
-0.03273402
-0.032803689
-0.03286071
-0.032905063
-0.03293673
-0.032955699
-0.032961963
-0.032955519
-0.03293637
-0.032904525
-0.032859994
-0.032802795
-0.032732951
-0.032650488
-0.032555438
-0.032447839
-0.032327731
-0.032195162
-0.032050181
-0.031892846
-0.031723217
-0.031541359
-0.031347343
-0.031141244
-0.03092314
-0.030693117
-0.030451263
-0.030197671
-0.02993244
-0.029655671
-0.029367471
-0.029067952
-0.028757228
-0.02843542
-0.028102653
-0.027759053
-0.027404754
-0.027039893
-0.02666461
-0.026279049
-0.02588336
-0.025477695
-0.025062211
-0.024637067
-0.024202428
-0.023758461
-0.023305337
-0.022843231
-0.022372322
-0.02189279
-0.02140482
-0.020908602
-0.020404325
-0.019892184
-0.019372377
-0.018845105
-0.018310569
-0.017768977
-0.017220538
-0.016665461
-0.016103962
-0.015536257
-0.014962565
-0.014383107
-0.013798105
-0.013207786
-0.012612378
-0.012012108
-0.01140721
-0.010797916
-0.01018446
-0.0095670803
-0.0089460133
-0.0083214989
-0.0076937776
-0.0070630915
-0.0064296835
-0.0057937977
-0.0051556793
-0.004515574
-0.0038737287
-0.0032303905
-0.0025858075
-0.001940228
-0.0012939009
-0.00064707512
0
