0
-0.00042439246
-0.00084871453
-0.0012728959
-0.0016968661
-0.0021205549
-0.002543892
-0.0029668073
-0.0033892305
-0.0038110917
-0.0042323208
-0.004652848
-0.0050726036
-0.0054915179
-0.0059095216
-0.0063265451
-0.0067425195
-0.0071573757
-0.0075710449
-0.0079834586
-0.0083945482
-0.0088042457
-0.0092124831
-0.0096191928
-0.010024307
-0.010427759
-0.010829482
-0.011229408
-0.011627473
-0.012023609
-0.012417751
-0.012809834
-0.013199793
-0.013587562
-0.013973078
-0.014356277
-0.014737096
-0.01511547
-0.015491338
-0.015864636
-0.016235304
-0.016603279
-0.016968501
-0.01733091
-0.017690444
-0.018047044
-0.018400652
-0.018751208
-0.019098655
-0.019442935
-0.01978399
-0.020121765
-0.020456203
-0.020787249
-0.021114847
-0.021438945
-0.021759487
-0.022076421
-0.022389694
-0.022699254
-0.023005051
-0.023307032
-0.023605149
-0.023899352
-0.024189591
-0.02447582
-0.02475799
-0.025036054
-0.025309967
-0.025579683
-0.025845158
-0.026106347
-0.026363208
-0.026615697
-0.026863772
-0.027107394
-0.02734652
-0.027581112
-0.027811131
-0.028036539
-0.028257298
-0.028473372
-0.028684724
-0.02889132
-0.029093126
-0.029290109
-0.029482234
-0.029669472
-0.02985179
-0.030029159
-0.030201548
-0.030368931
-0.030531278
-0.030688563
-0.03084076
-0.030987844
-0.03112979
-0.031266575
-0.031398176
-0.031524571
-0.03164574
-0.031761662
-0.031872319
-0.031977691
-0.032077761
-0.032172514
-0.032261933
-0.032346003
-0.03242471
-0.032498042
-0.032565987
-0.032628532
-0.032685668
-0.032737386
-0.032783676
-0.032824531
-0.032859945
-0.032889911
-0.032914425
-0.032933483
-0.032947081
-0.032955217
-0.03295789
-0.032955099
-0.032946845
-0.03293313
-0.032913955
-0.032889325
-0.032859242
-0.032823712
-0.032782741
-0.032736336
-0.032684504
-0.032627255
-0.032564597
-0.032496541
-0.032423098
-0.032344281
-0.032260102
-0.032170577
-0.032075718
-0.031975543
-0.031870067
-0.031759309
-0.031643287
-0.03152202
-0.031395528
-0.031263832
-0.031126953
-0.030984916
-0.030837743
-0.030685459
-0.030528088
-0.030365658
-0.030198194
-0.030025726
-0.02984828
-0.029665888
-0.029478579
-0.029286384
-0.029089334
-0.028887464
-0.028680806
-0.028469394
-0.028253264
-0.028032451
-0.027806992
-0.027576925
-0.027342287
-0.027103117
-0.026859456
-0.026611343
-0.026358819
-0.026101928
-0.02584071
-0.02557521
-0.025305471
-0.025031538
-0.024753457
-0.024471273
-0.024185034
-0.023894787
-0.02360058
-0.023302462
-0.023000482
-0.02269469
-0.022385137
-0.022071875
-0.021754954
-0.021434429
-0.021110351
-0.020782775
-0.020451755
-0.020117345
-0.019779602
-0.019438581
-0.019094338
-0.018746931
-0.018396418
-0.018042856
-0.017686304
-0.017326821
-0.016964467
-0.016599302
-0.016231386
-0.01586078
-0.015487546
-0.015111745
-0.01473344
-0.014352694
-0.013969569
-0.013584129
-0.013196439
-0.012806561
-0.012414561
-0.012020505
-0.011624456
-0.011226481
-0.010826645
-0.010425016
-0.010021659
-0.0096166414
-0.0092100302
-0.0088018929
-0.0083922971
-0.0079813106
-0.0075690015
-0.0071554383
-0.0067406893
-0.0063248233
-0.0059079093
-0.0054900164
-0.0050712137
-0.0046515706
-0.0042311568
-0.0038100419
-0.0033882956
-0.0029659879
-0.0025431887
-0.0021199681
-0.0016963961
-0.0012725431
-0.00084847926
-0.00042427478
0
