0
-0.00043146566
-0.00086285736
-0.0012941011
-0.0017251231
-0.0021558494
-0.0025862061
-0.0030161194
-0.0034455158
-0.0038743216
-0.0043024632
-0.0047298673
-0.0051564607
-0.0055821702
-0.0060069227
-0.0064306457
-0.0068532663
-0.0072747121
-0.007694911
-0.0081137909
-0.0085312799
-0.0089473066
-0.0093617995
-0.0097746878
-0.0101859
-0.010595367
-0.011003018
-0.011408782
-0.011812591
-0.012214375
-0.012614066
-0.013011594
-0.013406892
-0.013799892
-0.014190526
-0.014578728
-0.014964431
-0.015347569
-0.015728077
-0.016105888
-0.016480939
-0.016853165
-0.017222502
-0.017588887
-0.017952257
-0.01831255
-0.018669705
-0.019023659
-0.019374352
-0.019721725
-0.020065718
-0.020406271
-0.020743326
-0.021076826
-0.021406714
-0.021732932
-0.022055425
-0.022374139
-0.022689017
-0.023000006
-0.023307054
-0.023610106
-0.023909112
-0.02420402
-0.02449478
-0.024781342
-0.025063656
-0.025341674
-0.025615349
-0.025884634
-0.026149483
-0.02640985
-0.02666569
-0.026916961
-0.027163618
-0.02740562
-0.027642925
-0.027875492
-0.028103282
-0.028326256
-0.028544375
-0.028757602
-0.0289659
-0.029169235
-0.02936757
-0.029560873
-0.029749109
-0.029932247
-0.030110256
-0.030283104
-0.030450763
-0.030613204
-0.030770398
-0.030922319
-0.031068941
-0.031210238
-0.031346187
-0.031476765
-0.031601948
-0.031721716
-0.031836048
-0.031944925
-0.032048327
-0.032146238
-0.032238639
-0.032325517
-0.032406855
-0.03248264
-0.032552859
-0.0326175
-0.032676551
-0.032730004
-0.032777848
-0.032820075
-0.032856679
-0.032887652
-0.032912991
-0.03293269
-0.032946745
-0.032955156
-0.03295792
-0.032955036
-0.032946506
-0.032932331
-0.032912513
-0.032887056
-0.032855964
-0.032819242
-0.032776898
-0.032728937
-0.032675369
-0.032616202
-0.032551447
-0.032481114
-0.032405217
-0.032323768
-0.03223678
-0.03214427
-0.032046252
-0.031942744
-0.031833763
-0.031719328
-0.031599459
-0.031474176
-0.031343501
-0.031207456
-0.031066064
-0.03091935
-0.030767339
-0.030610057
-0.030447531
-0.030279789
-0.030106859
-0.029928772
-0.029745557
-0.029557247
-0.029363873
-0.029165468
-0.028962067
-0.028753705
-0.028540417
-0.028322239
-0.02809921
-0.027871367
-0.027638749
-0.027401397
-0.027159351
-0.026912653
-0.026661344
-0.026405468
-0.026145068
-0.02588019
-0.025610879
-0.02533718
-0.025059142
-0.02477681
-0.024490235
-0.024199464
-0.023904548
-0.023605537
-0.023302483
-0.022995437
-0.022684453
-0.022369582
-0.02205088
-0.021728401
-0.021402199
-0.021072332
-0.020738856
-0.020401826
-0.020061303
-0.019717343
-0.019370006
-0.019019351
-0.018665438
-0.018308328
-0.017948082
-0.017584762
-0.01721843
-0.016849148
-0.016476981
-0.016101991
-0.015724243
-0.015343803
-0.014960734
-0.014575102
-0.014186974
-0.013796416
-0.013403495
-0.013008279
-0.012610834
-0.012211229
-0.011809533
-0.011405814
-0.011000141
-0.010592585
-0.010183214
-0.009772099
-0.0093593103
-0.0089449185
-0.0085289947
-0.00811161
-0.007692836
-0.0072727445
-0.0068514073
-0.0064288966
-0.0060052848
-0.0055806445
-0.0051550483
-0.0047285693
-0.0043012803
-0.0038732546
-0.0034445656
-0.0030152865
-0.0025854911
-0.0021552528
-0.0017246454
-0.0012937426
-0.00086261816
-0.00043134602
0
