0
-0.00039523575
-0.00079041465
-0.0011854799
-0.0015803745
-0.0019750419
-0.0023694252
-0.0027634677
-0.0031571127
-0.0035503035
-0.0039429838
-0.0043350968
-0.0047265863
-0.005117396
-0.0055074696
-0.005896751
-0.0062851842
-0.0066727134
-0.0070592828
-0.0074448369
-0.0078293201
-0.0082126772
-0.0085948529
-0.0089757925
-0.009355441
-0.0097337439
-0.010110647
-0.010486095
-0.010860036
-0.011232414
-0.011603176
-0.01197227
-0.012339642
-0.012705239
-0.013069008
-0.013430898
-0.013790856
-0.01414883
-0.014504769
-0.014858622
-0.015210338
-0.015559866
-0.015907156
-0.016252159
-0.016594823
-0.016935101
-0.017272943
-0.017608301
-0.017941126
-0.018271371
-0.018598988
-0.018923929
-0.019246149
-0.019565601
-0.019882239
-0.020196018
-0.020506891
-0.020814815
-0.021119746
-0.021421639
-0.021720451
-0.022016139
-0.022308661
-0.022597974
-0.022884037
-0.023166809
-0.02344625
-0.023722318
-0.023994974
-0.024264179
-0.024529895
-0.024792083
-0.025050706
-0.025305726
-0.025557106
-0.025804811
-0.026048805
-0.026289052
-0.026525519
-0.026758171
-0.026986975
-0.027211898
-0.027432907
-0.027649972
-0.02786306
-0.028072141
-0.028277185
-0.028478162
-0.028675044
-0.028867803
-0.02905641
-0.029240838
-0.029421062
-0.029597054
-0.029768791
-0.029936246
-0.030099397
-0.030258219
-0.030412691
-0.030562788
-0.030708491
-0.030849778
-0.030986629
-0.031119024
-0.031246944
-0.031370371
-0.031489287
-0.031603675
-0.031713519
-0.031818802
-0.03191951
-0.032015628
-0.032107143
-0.032194041
-0.032276309
-0.032353937
-0.032426912
-0.032495225
-0.032558866
-0.032617825
-0.032672094
-0.032721665
-0.032766531
-0.032806686
-0.032842124
-0.03287284
-0.032898829
-0.032920088
-0.032936614
-0.032948404
-0.032955457
-0.032957771
-0.032955347
-0.032948185
-0.032936285
-0.03291965
-0.032898282
-0.032872184
-0.03284136
-0.032805815
-0.032765552
-0.032720579
-0.032670902
-0.032616528
-0.032557464
-0.03249372
-0.032425304
-0.032352226
-0.032274497
-0.032192129
-0.032105132
-0.032013519
-0.031917305
-0.031816501
-0.031711124
-0.031601188
-0.031486708
-0.031367703
-0.031244188
-0.031116181
-0.030983701
-0.030846767
-0.030705398
-0.030559616
-0.03040944
-0.030254893
-0.030095996
-0.029932773
-0.029765247
-0.029593443
-0.029417384
-0.029237096
-0.029052606
-0.028863939
-0.028671123
-0.028474186
-0.028273156
-0.028068061
-0.027858932
-0.027645798
-0.02742869
-0.02720764
-0.026982678
-0.026753838
-0.026521153
-0.026284655
-0.026044379
-0.025800359
-0.02555263
-0.025301229
-0.025046191
-0.024787553
-0.024525352
-0.024259626
-0.023990412
-0.023717751
-0.02344168
-0.02316224
-0.02287947
-0.022593412
-0.022304107
-0.022011596
-0.021715921
-0.021417124
-0.02111525
-0.02081034
-0.020502439
-0.020191592
-0.019877842
-0.019561235
-0.019241817
-0.018919633
-0.01859473
-0.018267154
-0.017936953
-0.017604173
-0.017268864
-0.016931072
-0.016590847
-0.016248238
-0.015903293
-0.015556062
-0.015206596
-0.014854944
-0.014501157
-0.014145286
-0.013787382
-0.013427497
-0.013065681
-0.012701988
-0.012336469
-0.011969177
-0.011600165
-0.011229486
-0.010857192
-0.010483339
-0.010107978
-0.0097311652
-0.0093529535
-0.0089733977
-0.0085925521
-0.0082104717
-0.0078272112
-0.0074428259
-0.0070573708
-0.0066709015
-0.0062834734
-0.0058951423
-0.0055059639
-0.0051159942
-0.0047252893
-0.0043339052
-0.0039418983
-0.0035493248
-0.0031562413
-0.0027627041
-0.0023687699
-0.0019744952
-0.0015799368
-0.0011851513
-0.00079019554
-0.00039512616
0
