0
-0.00043150356
-0.00086293316
-0.0012942148
-0.0017252747
-0.0021560388
-0.0025864333
-0.0030163844
-0.0034458185
-0.0038746619
-0.0043028412
-0.0047302829
-0.0051569137
-0.0055826606
-0.0060074505
-0.0064312106
-0.0068538683
-0.0072753512
-0.007695587
-0.0081145036
-0.0085320294
-0.0089480926
-0.0093626219
-0.0097755464
-0.010186795
-0.010596298
-0.011003984
-0.011409784
-0.011813629
-0.012215448
-0.012615174
-0.013012737
-0.013408069
-0.013801104
-0.014191773
-0.014580009
-0.014965746
-0.015348917
-0.015729458
-0.016107303
-0.016482386
-0.016854645
-0.017224014
-0.017590432
-0.017953834
-0.018314159
-0.018671344
-0.01902533
-0.019376054
-0.019723457
-0.02006748
-0.020408063
-0.020745148
-0.021078677
-0.021408593
-0.02173484
-0.022057362
-0.022376103
-0.022691009
-0.023002026
-0.0233091
-0.023612179
-0.023911211
-0.024206145
-0.024496931
-0.024783517
-0.025065856
-0.025343899
-0.025617598
-0.025886907
-0.026151778
-0.026412168
-0.026668031
-0.026919324
-0.027166002
-0.027408025
-0.027645351
-0.027877939
-0.028105749
-0.028328742
-0.02854688
-0.028760126
-0.028968442
-0.029171795
-0.029370147
-0.029563467
-0.02975172
-0.029934874
-0.030112898
-0.030285762
-0.030453435
-0.03061589
-0.030773097
-0.030925032
-0.031071666
-0.031212976
-0.031348937
-0.031479526
-0.031604721
-0.031724499
-0.031838841
-0.031947727
-0.032051138
-0.032149057
-0.032241467
-0.032328352
-0.032409697
-0.032485489
-0.032555714
-0.03262036
-0.032679417
-0.032732874
-0.032780722
-0.032822953
-0.03285956
-0.032890536
-0.032915877
-0.032935577
-0.032949634
-0.032958045
-0.032960809
-0.032957925
-0.032949394
-0.032935218
-0.032915398
-0.032889939
-0.032858844
-0.032822119
-0.032779771
-0.032731806
-0.032678232
-0.03261906
-0.0325543
-0.032483961
-0.032408057
-0.032326601
-0.032239606
-0.032147087
-0.03204906
-0.031945543
-0.031836552
-0.031722108
-0.031602228
-0.031476934
-0.031346247
-0.03121019
-0.031068786
-0.030922059
-0.030770035
-0.030612739
-0.030450199
-0.030282442
-0.030109497
-0.029931394
-0.029748163
-0.029559836
-0.029366445
-0.029168023
-0.028964604
-0.028756223
-0.028542916
-0.02832472
-0.028101671
-0.027873808
-0.02764117
-0.027403797
-0.027161729
-0.026915009
-0.026663678
-0.02640778
-0.026147357
-0.025882456
-0.025613121
-0.025339399
-0.025061336
-0.024778979
-0.024492379
-0.024201583
-0.023906641
-0.023607604
-0.023304523
-0.02299745
-0.022686438
-0.02237154
-0.02205281
-0.021730303
-0.021404073
-0.021074177
-0.020740671
-0.020403612
-0.020063059
-0.019719069
-0.019371701
-0.019021015
-0.018667071
-0.01830993
-0.017949653
-0.017586301
-0.017219936
-0.016850623
-0.016478423
-0.0161034
-0.01572562
-0.015345145
-0.014962043
-0.014576378
-0.014188216
-0.013797624
-0.013404668
-0.013009417
-0.012611937
-0.012212298
-0.011810566
-0.011406812
-0.011001104
-0.010593512
-0.010184105
-0.009772954
-0.0093601292
-0.0089457011
-0.0085297409
-0.0081123197
-0.0076935091
-0.0072733808
-0.0068520067
-0.0064294591
-0.0060058103
-0.0055811328
-0.0051554994
-0.004728983
-0.0043016566
-0.0038735935
-0.0034448669
-0.0030155503
-0.0025857173
-0.0021554414
-0.0017247963
-0.0012938557
-0.00086269363
-0.00043138376
0
