0
-0.00075591789
-0.0015114381
-0.0022661633
-0.0030196964
-0.0037716409
-0.0045216015
-0.0052691835
-0.0060139937
-0.0067556403
-0.0074937332
-0.0082278841
-0.0089577068
-0.0096828175
-0.010402835
-0.01111738
-0.011826077
-0.012528553
-0.013224439
-0.013913368
-0.014594979
-0.015268912
-0.015934814
-0.016592333
-0.017241125
-0.017880848
-0.018511166
-0.019131746
-0.019742264
-0.020342396
-0.020931829
-0.021510252
-0.022077361
-0.022632857
-0.023176449
-0.02370785
-0.024226782
-0.024732971
-0.025226152
-0.025706064
-0.026172456
-0.026625082
-0.027063705
-0.027488094
-0.027898025
-0.028293284
-0.028673663
-0.029038961
-0.029388987
-0.029723556
-0.030042493
-0.030345631
-0.030632809
-0.030903878
-0.031158694
-0.031397124
-0.031619042
-0.031824333
-0.032012888
-0.032184608
-0.032339403
-0.032477192
-0.032597902
-0.032701471
-0.032787844
-0.032856975
-0.032908829
-0.032943378
-0.032960604
-0.032960499
-0.032943063
-0.032908304
-0.032856243
-0.032786905
-0.032700327
-0.032596556
-0.032475647
-0.032337661
-0.032182674
-0.032010765
-0.031822027
-0.031616557
-0.031394464
-0.031155866
-0.030900887
-0.030629663
-0.030342335
-0.030039055
-0.029719982
-0.029385285
-0.02903514
-0.028669729
-0.028289247
-0.027893893
-0.027483875
-0.027059409
-0.026620717
-0.026168032
-0.025701589
-0.025221636
-0.024728425
-0.024222214
-0.02370327
-0.023171866
-0.022628282
-0.022072802
-0.02150572
-0.020927333
-0.020337946
-0.019737868
-0.019127415
-0.018506907
-0.017876672
-0.01723704
-0.016588347
-0.015930935
-0.01526515
-0.01459134
-0.013909861
-0.013221071
-0.012525331
-0.011823008
-0.01111447
-0.01040009
-0.0096802442
-0.0089553101
-0.008225669
-0.0074917043
-0.0067538019
-0.0060123497
-0.0052677374
-0.0045203563
-0.0037705992
-0.0030188604
-0.0022655347
-0.0015110184
-0.00075570778
0
