0
-0.00039527047
-0.00079048409
-0.001185584
-0.0015805134
-0.0019752154
-0.0023696334
-0.0027637105
-0.00315739
-0.0035506155
-0.0039433302
-0.0043354777
-0.0047270016
-0.0051178456
-0.0055079534
-0.005897269
-0.0062857364
-0.0066732996
-0.007059903
-0.0074454909
-0.0078300079
-0.0082133986
-0.008595608
-0.008976581
-0.0093562629
-0.0097345989
-0.010111535
-0.010487016
-0.01086099
-0.0112334
-0.011604196
-0.011973322
-0.012340726
-0.012706355
-0.013070156
-0.013432077
-0.013792067
-0.014150073
-0.014506043
-0.014859927
-0.015211674
-0.015561233
-0.015908553
-0.016253586
-0.016596281
-0.016936588
-0.01727446
-0.017609847
-0.017942702
-0.018272976
-0.018600621
-0.018925591
-0.01924784
-0.01956732
-0.019883985
-0.020197791
-0.020508692
-0.020816643
-0.0211216
-0.02142352
-0.021722358
-0.022018072
-0.02231062
-0.022599958
-0.022886047
-0.023168843
-0.023448308
-0.0237244
-0.023997081
-0.02426631
-0.024532049
-0.02479426
-0.025052905
-0.025307947
-0.02555935
-0.025807076
-0.026051091
-0.02629136
-0.026527847
-0.02676052
-0.026989344
-0.027214286
-0.027435315
-0.027652399
-0.027865505
-0.028074604
-0.028279666
-0.028480661
-0.028677561
-0.028870336
-0.02905896
-0.029243404
-0.029423644
-0.029599652
-0.029771403
-0.029938873
-0.030102038
-0.030260874
-0.030415359
-0.03056547
-0.030711186
-0.030852485
-0.030989348
-0.031121754
-0.031249685
-0.031373123
-0.03149205
-0.031606448
-0.031716301
-0.031821593
-0.03192231
-0.032018436
-0.032109959
-0.032196864
-0.03227914
-0.032356775
-0.032429757
-0.032498075
-0.032561721
-0.032620685
-0.032674959
-0.032724534
-0.032769405
-0.032809563
-0.032845004
-0.032875722
-0.032901714
-0.032922974
-0.032939502
-0.032951293
-0.032958346
-0.032960661
-0.032958236
-0.032951073
-0.032939173
-0.032922536
-0.032901166
-0.032875066
-0.032844239
-0.03280869
-0.032768424
-0.032723447
-0.032673766
-0.032619386
-0.032560318
-0.032496568
-0.032428146
-0.032355061
-0.032277326
-0.03219495
-0.032107945
-0.032016325
-0.031920101
-0.031819289
-0.031713902
-0.031603957
-0.031489467
-0.031370451
-0.031246925
-0.031118907
-0.030986415
-0.030849469
-0.030708088
-0.030562293
-0.030412104
-0.030257543
-0.030098632
-0.029935395
-0.029767855
-0.029596035
-0.029419961
-0.029239657
-0.029055151
-0.028866467
-0.028673635
-0.02847668
-0.028275632
-0.028070519
-0.027861372
-0.027648219
-0.027431092
-0.027210022
-0.026985041
-0.026756181
-0.026523475
-0.026286956
-0.026046659
-0.025802618
-0.025554868
-0.025303444
-0.025048384
-0.024789723
-0.024527499
-0.024261749
-0.023992513
-0.023719827
-0.023443732
-0.023164267
-0.022881473
-0.02259539
-0.022306059
-0.022013522
-0.021717821
-0.021418999
-0.021117098
-0.020812161
-0.020504234
-0.020193359
-0.019879582
-0.019562947
-0.019243501
-0.018921289
-0.018596357
-0.018268753
-0.017938523
-0.017605714
-0.017270375
-0.016932554
-0.016592299
-0.01624966
-0.015904685
-0.015557424
-0.015207927
-0.014856244
-0.014502426
-0.014146524
-0.013788589
-0.013428672
-0.013066824
-0.012703099
-0.012337548
-0.011970224
-0.01160118
-0.011230468
-0.010858142
-0.010484256
-0.010108863
-0.0097320166
-0.0093537719
-0.0089741828
-0.0085933039
-0.0082111901
-0.0078278961
-0.0074434771
-0.0070579883
-0.0066714851
-0.0062840232
-0.005895658
-0.0055064456
-0.0051164418
-0.0047257027
-0.0043342844
-0.0039422431
-0.0035496354
-0.0031565174
-0.0027629458
-0.0023689771
-0.001974668
-0.0015800751
-0.001185255
-0.00079026467
-0.00039516073
0
