0
-0.00042442974
-0.0008487891
-0.0012730077
-0.0016970152
-0.0021207412
-0.0025441155
-0.0029670679
-0.0033895283
-0.0038114265
-0.0042326926
-0.0046532568
-0.0050730492
-0.0054920004
-0.0059100407
-0.0063271009
-0.0067431119
-0.0071580045
-0.0075717101
-0.0079841599
-0.0083952857
-0.0088050192
-0.0092132924
-0.0096200378
-0.010025188
-0.010428675
-0.010830433
-0.011230395
-0.011628494
-0.012024665
-0.012418842
-0.012810959
-0.013200952
-0.013588756
-0.013974306
-0.014357538
-0.01473839
-0.015116798
-0.015492698
-0.01586603
-0.01623673
-0.016604738
-0.016969992
-0.017332432
-0.017691997
-0.018048629
-0.018402268
-0.018752855
-0.019100332
-0.019444642
-0.019785727
-0.020123532
-0.020457999
-0.020789074
-0.021116702
-0.021440827
-0.021761398
-0.022078359
-0.02239166
-0.022701248
-0.023007071
-0.023309079
-0.023607222
-0.02390145
-0.024191715
-0.024477968
-0.024760163
-0.025038252
-0.025312189
-0.025581929
-0.025847427
-0.026108639
-0.026365522
-0.026618033
-0.02686613
-0.027109773
-0.027348921
-0.027583533
-0.027813572
-0.028039
-0.028259778
-0.02847587
-0.028687241
-0.028893856
-0.029095679
-0.029292679
-0.029484821
-0.029672075
-0.029854409
-0.030031794
-0.030204198
-0.030371595
-0.030533957
-0.030691256
-0.030843466
-0.030990563
-0.031132521
-0.031269318
-0.03140093
-0.031527337
-0.031648516
-0.031764448
-0.031875114
-0.031980496
-0.032080575
-0.032175336
-0.032264762
-0.03234884
-0.032427554
-0.032500893
-0.032568843
-0.032631394
-0.032688535
-0.032740257
-0.032786551
-0.03282741
-0.032862827
-0.032892795
-0.032917311
-0.03293637
-0.032949969
-0.032958106
-0.032960779
-0.032957988
-0.032949734
-0.032936017
-0.032916841
-0.032892208
-0.032862122
-0.032826589
-0.032785615
-0.032739205
-0.032687369
-0.032630114
-0.032567451
-0.032499389
-0.03242594
-0.032347116
-0.03226293
-0.032173396
-0.032078529
-0.031978345
-0.03187286
-0.031762092
-0.03164606
-0.031524782
-0.031398278
-0.031266571
-0.031129681
-0.030987631
-0.030840445
-0.030688147
-0.030530762
-0.030368318
-0.03020084
-0.030028356
-0.029850895
-0.029668487
-0.029481161
-0.029288949
-0.029091882
-0.028889994
-0.028683318
-0.028471887
-0.028255738
-0.028034906
-0.027809427
-0.027579339
-0.027344681
-0.02710549
-0.026861808
-0.026613673
-0.026361127
-0.026104213
-0.025842972
-0.025577449
-0.025307686
-0.02503373
-0.024755624
-0.024473416
-0.024187152
-0.023896879
-0.023602646
-0.023304502
-0.023002495
-0.022696677
-0.022387097
-0.022073807
-0.021756859
-0.021436305
-0.021112199
-0.020784594
-0.020453545
-0.020119106
-0.019781333
-0.019440282
-0.019096009
-0.018748572
-0.018398028
-0.018044435
-0.017687852
-0.017328338
-0.016965952
-0.016600754
-0.016232806
-0.015862168
-0.015488901
-0.015113067
-0.014734729
-0.01435395
-0.013970791
-0.013585318
-0.013197593
-0.012807682
-0.012415648
-0.012021556
-0.011625473
-0.011227463
-0.010827593
-0.010425928
-0.010022536
-0.0096174828
-0.0092108361
-0.0088026631
-0.0083930314
-0.0079820089
-0.0075696638
-0.0071560643
-0.0067412791
-0.0063253767
-0.0059084262
-0.0054904967
-0.0050716574
-0.0046519776
-0.004231527
-0.0038103752
-0.0033885921
-0.0029662474
-0.0025434112
-0.0021201535
-0.0016965446
-0.0012726545
-0.00084855349
-0.0004243119
0
