0
-0.00036982776
-0.00073960893
-0.001109297
-0.0014788453
-0.0018482074
-0.0022173367
-0.0025861868
-0.0029547112
-0.0033228634
-0.0036905972
-0.0040578662
-0.0044246242
-0.0047908249
-0.0051564223
-0.0055213703
-0.0058856229
-0.0062491343
-0.0066118587
-0.0069737505
-0.0073347639
-0.0076948537
-0.0080539744
-0.0084120807
-0.0087691277
-0.0091250704
-0.0094798638
-0.0098334634
-0.010185825
-0.010536903
-0.010886654
-0.011235035
-0.011582
-0.011927507
-0.012271512
-0.012613972
-0.012954843
-0.013294082
-0.013631647
-0.013967496
-0.014301586
-0.014633874
-0.01496432
-0.015292881
-0.015619516
-0.015944184
-0.016266845
-0.016587457
-0.01690598
-0.017222374
-0.017536599
-0.017848615
-0.018158385
-0.018465867
-0.018771024
-0.019073817
-0.019374208
-0.01967216
-0.019967634
-0.020260593
-0.020551002
-0.020838822
-0.021124018
-0.021406554
-0.021686395
-0.021963504
-0.022237848
-0.022509392
-0.022778101
-0.023043941
-0.02330688
-0.023566884
-0.023823921
-0.024077957
-0.024328961
-0.024576902
-0.024821749
-0.025063469
-0.025302034
-0.025537412
-0.025769575
-0.025998493
-0.026224138
-0.02644648
-0.026665492
-0.026881146
-0.027093416
-0.027302274
-0.027507695
-0.027709652
-0.027908119
-0.028103073
-0.028294488
-0.028482341
-0.028666607
-0.028847264
-0.029024288
-0.029197658
-0.029367352
-0.029533348
-0.029695625
-0.029854164
-0.030008943
-0.030159945
-0.030307149
-0.030450537
-0.030590091
-0.030725794
-0.030857628
-0.030985577
-0.031109624
-0.031229755
-0.031345954
-0.031458207
-0.031566499
-0.031670816
-0.031771146
-0.031867476
-0.031959795
-0.032048089
-0.032132348
-0.032212562
-0.032288721
-0.032360815
-0.032428834
-0.032492771
-0.032552617
-0.032608365
-0.032660008
-0.032707539
-0.032750952
-0.032790243
-0.032825405
-0.032856435
-0.032883328
-0.032906082
-0.032924693
-0.03293916
-0.03294948
-0.032955652
-0.032957675
-0.032955549
-0.032949275
-0.032938852
-0.032924284
-0.03290557
-0.032882715
-0.03285572
-0.032824589
-0.032789326
-0.032749935
-0.032706422
-0.032658792
-0.032607051
-0.032551205
-0.032491262
-0.032427228
-0.032359113
-0.032286925
-0.032210673
-0.032130366
-0.032046014
-0.031957629
-0.031865221
-0.031768803
-0.031668385
-0.031563981
-0.031455604
-0.031343268
-0.031226987
-0.031106775
-0.030982648
-0.030854621
-0.03072271
-0.030586933
-0.030447305
-0.030303846
-0.030156572
-0.030005502
-0.029850656
-0.029692053
-0.029529712
-0.029363655
-0.029193902
-0.029020474
-0.028843394
-0.028662684
-0.028478366
-0.028290464
-0.028099001
-0.027904002
-0.027705491
-0.027503493
-0.027298033
-0.027089138
-0.026876833
-0.026661146
-0.026442103
-0.026219733
-0.025994062
-0.02576512
-0.025532936
-0.025297538
-0.025058956
-0.02481722
-0.024572361
-0.02432441
-0.024073398
-0.023819355
-0.023562316
-0.02330231
-0.023039373
-0.022773535
-0.022504832
-0.022233297
-0.021958963
-0.021681866
-0.021402041
-0.021119522
-0.020834345
-0.020546547
-0.020256162
-0.019963229
-0.019667783
-0.019369862
-0.019069504
-0.018766746
-0.018461626
-0.018154183
-0.017844455
-0.017532482
-0.017218302
-0.016901956
-0.016583482
-0.016262922
-0.015940315
-0.015615702
-0.015289125
-0.014960623
-0.014630238
-0.014298013
-0.013963988
-0.013628206
-0.013290709
-0.01295154
-0.01261074
-0.012268354
-0.011924424
-0.011578994
-0.011232106
-0.010883805
-0.010534135
-0.010183139
-0.009830861
-0.0094773464
-0.0091226391
-0.0087667839
-0.0084098255
-0.0080518089
-0.0076927791
-0.0073327812
-0.0069718606
-0.0066100627
-0.006247433
-0.0058840172
-0.005519861
-0.0051550102
-0.0047895106
-0.0044234085
-0.0040567496
-0.0036895804
-0.0033219468
-0.0029538952
-0.0025854719
-0.0022167233
-0.0018476957
-0.0014784357
-0.0011089896
-0.00073940391
-0.00036972522
0
