0
-0.00054215565
-0.0010841646
-0.0016258801
-0.0021671555
-0.0027078444
-0.0032478005
-0.0037868775
-0.0043249296
-0.0048618112
-0.005397377
-0.005931482
-0.0064639817
-0.0069947319
-0.007523589
-0.0080504099
-0.0085750521
-0.0090973734
-0.0096172326
-0.010134489
-0.010649003
-0.011160634
-0.011669245
-0.012174698
-0.012676856
-0.013175583
-0.013670744
-0.014162205
-0.014649834
-0.015133498
-0.015613066
-0.016088408
-0.016559397
-0.017025904
-0.017487804
-0.01794497
-0.018397281
-0.018844612
-0.019286843
-0.019723856
-0.02015553
-0.020581749
-0.021002399
-0.021417365
-0.021826536
-0.022229799
-0.022627047
-0.023018171
-0.023403066
-0.023781629
-0.024153755
-0.024519345
-0.0248783
-0.025230523
-0.025575918
-0.025914393
-0.026245854
-0.026570214
-0.026887383
-0.027197277
-0.027499811
-0.027794904
-0.028082476
-0.028362449
-0.028634747
-0.028899297
-0.029156027
-0.029404867
-0.029645752
-0.029878614
-0.030103392
-0.030320025
-0.030528453
-0.030728621
-0.030920475
-0.031103963
-0.031279034
-0.031445643
-0.031603743
-0.031753293
-0.031894251
-0.032026579
-0.032150243
-0.032265208
-0.032371443
-0.03246892
-0.032557613
-0.032637496
-0.03270855
-0.032770755
-0.032824093
-0.032868552
-0.032904117
-0.032930781
-0.032948536
-0.032957377
-0.032957302
-0.03294831
-0.032930406
-0.032903592
-0.032867877
-0.032823271
-0.032769785
-0.032707434
-0.032636235
-0.032556207
-0.032467372
-0.032369754
-0.03226338
-0.032148278
-0.03202448
-0.031892019
-0.031750931
-0.031601254
-0.031443029
-0.031276299
-0.031101108
-0.030917504
-0.030725538
-0.03052526
-0.030316726
-0.030099991
-0.029875114
-0.029642157
-0.029401182
-0.029152254
-0.028895441
-0.028630813
-0.02835844
-0.028078397
-0.02779076
-0.027495605
-0.027193014
-0.026883069
-0.026565852
-0.026241449
-0.02590995
-0.025571443
-0.025226019
-0.024873773
-0.024514799
-0.024149195
-0.02377706
-0.023398494
-0.0230136
-0.022622482
-0.022225246
-0.021821998
-0.021412849
-0.020997909
-0.02057729
-0.020151105
-0.019719472
-0.019282505
-0.018840323
-0.018393046
-0.017940794
-0.017483691
-0.01702186
-0.016555425
-0.016084513
-0.015609251
-0.015129768
-0.014646193
-0.014158657
-0.013667293
-0.013172232
-0.012673609
-0.012171559
-0.011666217
-0.011157721
-0.010646207
-0.010131814
-0.0096146808
-0.0090949477
-0.0085727552
-0.0080482443
-0.007521557
-0.0069928357
-0.0064622233
-0.0059298634
-0.0053958999
-0.0048604773
-0.0043237402
-0.0037858339
-0.0032469039
-0.0027070958
-0.0021665556
-0.0016254296
-0.001083864
-0.00054200527
0
