0
-0.0003953052
-0.00079055353
-0.0011856882
-0.0015806522
-0.001975389
-0.0023698415
-0.0027639533
-0.0031576674
-0.0035509274
-0.0039436766
-0.0043358585
-0.0047274168
-0.0051182952
-0.0055084373
-0.0058977871
-0.0062862886
-0.0066738859
-0.0070605232
-0.007446145
-0.0078306957
-0.0082141201
-0.0085963631
-0.0089773695
-0.0093570847
-0.0097354541
-0.010112423
-0.010487938
-0.010861944
-0.011234387
-0.011605215
-0.011974373
-0.01234181
-0.012707471
-0.013071304
-0.013433257
-0.013793278
-0.014151316
-0.014507317
-0.014861232
-0.01521301
-0.0155626
-0.015909951
-0.016255013
-0.016597738
-0.016938076
-0.017275977
-0.017611394
-0.017944278
-0.01827458
-0.018602255
-0.018927253
-0.01924953
-0.019569038
-0.019885731
-0.020199565
-0.020510493
-0.020818471
-0.021123455
-0.021425401
-0.021724265
-0.022020006
-0.022312579
-0.022601943
-0.022888056
-0.023170878
-0.023450367
-0.023726483
-0.023999187
-0.02426844
-0.024534203
-0.024796437
-0.025055104
-0.025310169
-0.025561593
-0.025809341
-0.026053378
-0.026293668
-0.026530176
-0.026762869
-0.026991713
-0.027216675
-0.027437723
-0.027654826
-0.027867951
-0.028077068
-0.028282148
-0.028483161
-0.028680077
-0.02887287
-0.02906151
-0.02924597
-0.029426225
-0.029602249
-0.029774015
-0.0299415
-0.030104679
-0.03026353
-0.030418028
-0.030568152
-0.03071388
-0.030855192
-0.030992066
-0.031124484
-0.031252427
-0.031375875
-0.031494812
-0.03160922
-0.031719083
-0.031824384
-0.03192511
-0.032021245
-0.032112775
-0.032199688
-0.032281971
-0.032359612
-0.032432601
-0.032500925
-0.032564577
-0.032623546
-0.032677824
-0.032727404
-0.032772278
-0.03281244
-0.032847884
-0.032878605
-0.032904598
-0.032925861
-0.032942389
-0.032954182
-0.032961235
-0.03296355
-0.032961125
-0.032953962
-0.03294206
-0.032925422
-0.03290405
-0.032877948
-0.032847118
-0.032811566
-0.032771296
-0.032726315
-0.032676629
-0.032622245
-0.032563171
-0.032499415
-0.032430987
-0.032357897
-0.032280154
-0.032197771
-0.032110759
-0.03201913
-0.031922898
-0.031822077
-0.031716681
-0.031606726
-0.031492226
-0.031373199
-0.031249663
-0.031121633
-0.03098913
-0.030852172
-0.030710778
-0.03056497
-0.030414768
-0.030260193
-0.030101269
-0.029938017
-0.029770462
-0.029598627
-0.029422537
-0.029242218
-0.029057695
-0.028868995
-0.028676146
-0.028479174
-0.028278108
-0.028072978
-0.027863812
-0.02765064
-0.027433494
-0.027212405
-0.026987404
-0.026758524
-0.026525797
-0.026289258
-0.02604894
-0.025804877
-0.025557105
-0.02530566
-0.025050577
-0.024791893
-0.024529646
-0.024263873
-0.023994613
-0.023721903
-0.023445784
-0.023166295
-0.022883476
-0.022597368
-0.022308012
-0.022015449
-0.021719722
-0.021420874
-0.021118946
-0.020813983
-0.020506028
-0.020195126
-0.019881322
-0.019564659
-0.019245185
-0.018922945
-0.018597985
-0.018270352
-0.017940092
-0.017607255
-0.017271886
-0.016934036
-0.016593751
-0.016251082
-0.015906077
-0.015558785
-0.015209258
-0.014857544
-0.014503695
-0.014147762
-0.013789795
-0.013429847
-0.013067968
-0.012704211
-0.012338628
-0.011971272
-0.011602195
-0.011231451
-0.010859092
-0.010485173
-0.010109747
-0.0097328681
-0.0093545903
-0.008974968
-0.0085940558
-0.0082119085
-0.0078285809
-0.0074441283
-0.0070586058
-0.0066720688
-0.0062845729
-0.0058961738
-0.0055069274
-0.0051168894
-0.0047261161
-0.0043346636
-0.003942588
-0.0035499459
-0.0031567936
-0.0027631875
-0.0023691844
-0.0019748408
-0.0015802133
-0.0011853587
-0.00079033381
-0.0003951953
0
