0
-0.00075598429
-0.0015115709
-0.0022663624
-0.0030199616
-0.0037719723
-0.0045219987
-0.0052696463
-0.006014522
-0.0067562337
-0.0074943914
-0.0082286068
-0.0089584937
-0.009683668
-0.010403748
-0.011118356
-0.011827115
-0.012529653
-0.0132256
-0.01391459
-0.01459626
-0.015270253
-0.015936213
-0.016593791
-0.017242639
-0.017882419
-0.018512791
-0.019133426
-0.019743997
-0.020344183
-0.020933667
-0.021512141
-0.022079299
-0.022634844
-0.023178484
-0.023709932
-0.024228909
-0.024735142
-0.025228366
-0.02570832
-0.026174753
-0.026627419
-0.02706608
-0.027490506
-0.027900474
-0.028295767
-0.028676179
-0.029041509
-0.029391565
-0.029726164
-0.030045129
-0.030348293
-0.030635497
-0.030906589
-0.031161427
-0.031399878
-0.031621816
-0.031827124
-0.032015696
-0.032187431
-0.032342239
-0.03248004
-0.032600761
-0.032704339
-0.032790719
-0.032859856
-0.032911714
-0.032946266
-0.032963494
-0.032963388
-0.03294595
-0.032911189
-0.032859122
-0.032789778
-0.032703193
-0.032599413
-0.032478492
-0.032340495
-0.032185494
-0.03201357
-0.031824815
-0.031619327
-0.031397215
-0.031158595
-0.030903594
-0.030632346
-0.030344993
-0.030041686
-0.029722585
-0.029387859
-0.029037682
-0.02867224
-0.028291725
-0.027896336
-0.027486282
-0.027061778
-0.026623048
-0.026170323
-0.02570384
-0.025223844
-0.02473059
-0.024224334
-0.023705345
-0.023173895
-0.022630262
-0.022074734
-0.021507602
-0.020929165
-0.020339726
-0.019739595
-0.019129088
-0.018508527
-0.017878236
-0.017238548
-0.016589799
-0.015932329
-0.015266485
-0.014592617
-0.013911078
-0.013222227
-0.012526427
-0.011824042
-0.011115442
-0.010401
-0.0096810911
-0.0089560936
-0.0082263886
-0.0074923597
-0.0067543928
-0.0060128757
-0.0052681982
-0.0045207517
-0.0037709291
-0.0030191244
-0.0022657329
-0.0015111505
-0.00075577389
0
