0
-0.00054220328
-0.0010842598
-0.0016260229
-0.0021673459
-0.0027080823
-0.0032480858
-0.0037872102
-0.0043253096
-0.0048622384
-0.0053978512
-0.0059320031
-0.0064645495
-0.0069953464
-0.00752425
-0.0080511172
-0.0085758054
-0.0090981726
-0.0096180774
-0.010135379
-0.010649938
-0.011161614
-0.01167027
-0.012175767
-0.012677969
-0.01317674
-0.013671945
-0.014163449
-0.01465112
-0.015134827
-0.015614437
-0.016089821
-0.016560851
-0.0170274
-0.017489339
-0.017946546
-0.018398896
-0.018846267
-0.019288537
-0.019725588
-0.0201573
-0.020583557
-0.021004244
-0.021419246
-0.021828452
-0.022231751
-0.022629033
-0.023020192
-0.023405121
-0.023783716
-0.024155876
-0.024521498
-0.024880484
-0.025232738
-0.025578164
-0.025916667
-0.026248158
-0.026572546
-0.026889743
-0.027199664
-0.027502225
-0.027797344
-0.028084941
-0.028364938
-0.02863726
-0.028901833
-0.029158585
-0.029407448
-0.029648353
-0.029881236
-0.030106033
-0.030322685
-0.030531132
-0.030731317
-0.030923188
-0.031106692
-0.031281778
-0.031448402
-0.031606516
-0.031756078
-0.031897048
-0.032029389
-0.032153063
-0.032268038
-0.032374282
-0.032471768
-0.032560468
-0.032640359
-0.032711419
-0.032773629
-0.032826972
-0.032871434
-0.032907002
-0.032933668
-0.032951425
-0.032960266
-0.032960191
-0.032951199
-0.032933292
-0.032906476
-0.032870758
-0.032826148
-0.032772657
-0.0327103
-0.032639095
-0.03255906
-0.032470218
-0.032372591
-0.032266208
-0.032151096
-0.032027286
-0.031894814
-0.031753713
-0.031604023
-0.031445784
-0.031279039
-0.031103833
-0.030920213
-0.03072823
-0.030527934
-0.030319381
-0.030102628
-0.029877731
-0.029644753
-0.029403757
-0.029154807
-0.028897972
-0.02863332
-0.028360923
-0.028080856
-0.027793193
-0.027498013
-0.027195396
-0.026885423
-0.026568178
-0.026243747
-0.025912218
-0.025573681
-0.025228228
-0.024875951
-0.024516946
-0.02415131
-0.023779142
-0.023400543
-0.023015615
-0.022624462
-0.022227191
-0.021823908
-0.021414723
-0.020999747
-0.020579091
-0.020152869
-0.019721197
-0.019284192
-0.018841972
-0.018394655
-0.017942365
-0.017485221
-0.017023349
-0.016556874
-0.016085921
-0.015610617
-0.015131092
-0.014647475
-0.014159896
-0.013668489
-0.013173385
-0.012674718
-0.012172624
-0.011667238
-0.011158697
-0.010647138
-0.0101327
-0.009615522
-0.0090957435
-0.0085735052
-0.0080489485
-0.0075222151
-0.0069934475
-0.0064627887
-0.0059303822
-0.005396372
-0.0048609025
-0.0043241185
-0.0037861652
-0.0032471879
-0.0027073326
-0.0021667452
-0.0016255718
-0.0010839588
-0.00054205269
0
