0
-0.00036986025
-0.00073967391
-0.0011093944
-0.0014789752
-0.0018483698
-0.0022175315
-0.002586414
-0.0029549707
-0.0033231554
-0.0036909214
-0.0040582227
-0.0044250129
-0.0047912458
-0.0051568753
-0.0055218553
-0.00588614
-0.0062496833
-0.0066124396
-0.0069743631
-0.0073354083
-0.0076955297
-0.0080546819
-0.0084128197
-0.0087698981
-0.009125872
-0.0094806966
-0.0098343272
-0.010186719
-0.010537829
-0.010887611
-0.011236022
-0.011583018
-0.011928555
-0.01227259
-0.01261508
-0.012955981
-0.01329525
-0.013632845
-0.013968723
-0.014302842
-0.014635159
-0.014965634
-0.015294224
-0.015620888
-0.015945585
-0.016268274
-0.016588914
-0.016907464
-0.017223886
-0.017538139
-0.017850183
-0.018159979
-0.018467489
-0.018772672
-0.019075492
-0.01937591
-0.019673887
-0.019969387
-0.020262373
-0.020552806
-0.020840652
-0.021125873
-0.021408434
-0.021688299
-0.021965433
-0.022239801
-0.022511368
-0.022780101
-0.023045965
-0.023308927
-0.023568953
-0.023826012
-0.024080071
-0.024331097
-0.02457906
-0.024823928
-0.02506567
-0.025304255
-0.025539654
-0.025771837
-0.026000776
-0.02622644
-0.026448801
-0.026667833
-0.026883506
-0.027095794
-0.027304671
-0.027510109
-0.027712084
-0.027910569
-0.02810554
-0.028296971
-0.02848484
-0.028669123
-0.028849795
-0.029026835
-0.02920022
-0.029369929
-0.029535939
-0.029698231
-0.029856784
-0.030011577
-0.030162591
-0.030309808
-0.030453209
-0.030592775
-0.030728489
-0.030860335
-0.030988295
-0.031112354
-0.031232495
-0.031348704
-0.031460967
-0.031569268
-0.031673594
-0.031773933
-0.031870272
-0.031962598
-0.0320509
-0.032135167
-0.032215388
-0.032291553
-0.032363653
-0.032431678
-0.032495621
-0.032555472
-0.032611225
-0.032662872
-0.032710407
-0.032753824
-0.032793118
-0.032828283
-0.032859316
-0.032886212
-0.032908967
-0.03292758
-0.032942048
-0.032952369
-0.032958541
-0.032960564
-0.032958438
-0.032952163
-0.03294174
-0.03292717
-0.032908455
-0.032885597
-0.0328586
-0.032827466
-0.0327922
-0.032752806
-0.032709289
-0.032661655
-0.032609909
-0.032554058
-0.032494109
-0.03243007
-0.032361949
-0.032289755
-0.032213495
-0.032133181
-0.032048822
-0.031960429
-0.031868014
-0.031771586
-0.03167116
-0.031566747
-0.03145836
-0.031346014
-0.031229723
-0.031109501
-0.030985362
-0.030857324
-0.030725402
-0.030589612
-0.030449973
-0.0303065
-0.030159213
-0.030008131
-0.029853271
-0.029694653
-0.029532299
-0.029366227
-0.029196459
-0.029023016
-0.02884592
-0.028665194
-0.02848086
-0.028292942
-0.028101462
-0.027906446
-0.027707917
-0.027505901
-0.027300424
-0.02709151
-0.026879187
-0.026663481
-0.026444419
-0.026222028
-0.025996338
-0.025767376
-0.025535171
-0.025299752
-0.02506115
-0.024819393
-0.024574513
-0.02432654
-0.024075505
-0.023821441
-0.023564378
-0.02330435
-0.02304139
-0.022775529
-0.022506802
-0.022235243
-0.021960885
-0.021683764
-0.021403914
-0.021121371
-0.020836169
-0.020548345
-0.020257935
-0.019964976
-0.019669504
-0.019371557
-0.019071173
-0.018768388
-0.018463241
-0.018155771
-0.017846017
-0.017534016
-0.017219809
-0.016903435
-0.016584933
-0.016264345
-0.01594171
-0.015617069
-0.015290463
-0.014961932
-0.014631519
-0.014299264
-0.01396521
-0.013629399
-0.013291872
-0.012952673
-0.012611844
-0.012269428
-0.011925468
-0.011580007
-0.011233089
-0.010884758
-0.010535056
-0.01018403
-0.0098317212
-0.0094781756
-0.0091234373
-0.008767551
-0.0084105614
-0.0080525134
-0.0076934521
-0.0073334228
-0.0069724706
-0.0066106411
-0.0062479796
-0.005884532
-0.0055203439
-0.0051554612
-0.0047899297
-0.0044237955
-0.0040571046
-0.0036899032
-0.0033222374
-0.0029541536
-0.0025856981
-0.0022169172
-0.0018478574
-0.001478565
-0.0011090866
-0.00073946861
-0.00036975757
0
