0
-0.00042446703
-0.00084886366
-0.0012731195
-0.0016971642
-0.0021209275
-0.002544339
-0.0029673286
-0.003389826
-0.0038117613
-0.0042330644
-0.0046536655
-0.0050734949
-0.0054924828
-0.0059105599
-0.0063276567
-0.0067437042
-0.0071586333
-0.0075723752
-0.0079848613
-0.0083960231
-0.0088057926
-0.0092141018
-0.0096208828
-0.010026068
-0.010429591
-0.010831384
-0.011231381
-0.011629516
-0.012025721
-0.012419933
-0.012812085
-0.013202112
-0.013589949
-0.013975533
-0.014358799
-0.014739685
-0.015118125
-0.015494059
-0.015867423
-0.016238156
-0.016606196
-0.016971482
-0.017333954
-0.017693551
-0.018050214
-0.018403884
-0.018754502
-0.019102009
-0.01944635
-0.019787465
-0.020125299
-0.020459796
-0.0207909
-0.021118556
-0.02144271
-0.021763308
-0.022080298
-0.022393626
-0.022703241
-0.023009091
-0.023311125
-0.023609294
-0.023903548
-0.024193839
-0.024480117
-0.024762337
-0.02504045
-0.025314411
-0.025584175
-0.025849696
-0.026110931
-0.026367836
-0.026620369
-0.026868488
-0.027112152
-0.027351321
-0.027585954
-0.027816013
-0.028041461
-0.028262258
-0.028478369
-0.028689759
-0.028896391
-0.029098233
-0.029295249
-0.029487409
-0.029674679
-0.029857029
-0.030034429
-0.030206849
-0.03037426
-0.030536636
-0.030693948
-0.030846172
-0.030993281
-0.031135252
-0.031272061
-0.031403685
-0.031530102
-0.031651292
-0.031767235
-0.03187791
-0.031983301
-0.032083389
-0.032178158
-0.032267592
-0.032351677
-0.032430398
-0.032503743
-0.032571699
-0.032634255
-0.032691401
-0.032743128
-0.032789426
-0.032830288
-0.032865708
-0.032895679
-0.032920197
-0.032939258
-0.032952858
-0.032960995
-0.032963669
-0.032960877
-0.032952622
-0.032938904
-0.032919726
-0.032895091
-0.032865003
-0.032829467
-0.032788488
-0.032742075
-0.032690234
-0.032632974
-0.032570305
-0.032502237
-0.032428781
-0.03234995
-0.032265757
-0.032176215
-0.03208134
-0.031981147
-0.031875653
-0.031764875
-0.031648832
-0.031527544
-0.031401029
-0.03126931
-0.031132408
-0.030990345
-0.030843146
-0.030690835
-0.030533437
-0.030370978
-0.030203485
-0.030030986
-0.02985351
-0.029671085
-0.029483743
-0.029291514
-0.02909443
-0.028892524
-0.02868583
-0.028474381
-0.028258213
-0.028037361
-0.027811862
-0.027581755
-0.027347075
-0.027107864
-0.02686416
-0.026616003
-0.026363436
-0.026106499
-0.025845235
-0.025579688
-0.025309902
-0.025035921
-0.024757791
-0.024475558
-0.024189269
-0.023898971
-0.023604713
-0.023306542
-0.023004509
-0.022698664
-0.022389056
-0.022075739
-0.021758763
-0.021438181
-0.021114047
-0.020786413
-0.020455335
-0.020120867
-0.019783064
-0.019441983
-0.019097681
-0.018750213
-0.018399638
-0.018046014
-0.0176894
-0.017329854
-0.016967437
-0.016602207
-0.016234227
-0.015863556
-0.015490256
-0.01511439
-0.014736019
-0.014355206
-0.013972014
-0.013586507
-0.013198748
-0.012808802
-0.012416734
-0.012022608
-0.01162649
-0.011228445
-0.01082854
-0.01042684
-0.010023413
-0.0096183243
-0.009211642
-0.0088034332
-0.0083937657
-0.0079827073
-0.0075703261
-0.0071566904
-0.0067418688
-0.0063259301
-0.0059089432
-0.005490977
-0.0050721011
-0.0046523846
-0.0042318972
-0.0038107086
-0.0033888885
-0.0029665069
-0.0025436337
-0.002120339
-0.001696693
-0.0012727658
-0.00084862772
-0.00042434902
0
