0
-0.00064719809
-0.0012941466
-0.0019405959
-0.0025862968
-0.0032310003
-0.0038744576
-0.0045164206
-0.0051566417
-0.005794874
-0.0064308714
-0.0070643885
-0.0076951811
-0.0083230058
-0.0089476206
-0.0095687845
-0.010186258
-0.010799803
-0.011409183
-0.012014162
-0.012614508
-0.01320999
-0.013800376
-0.01438544
-0.014964956
-0.015538701
-0.016106453
-0.016667994
-0.017223106
-0.017771576
-0.018313193
-0.018847747
-0.019375032
-0.019894846
-0.020406987
-0.020911258
-0.021407465
-0.021895416
-0.022374923
-0.022845802
-0.023307871
-0.023760952
-0.024204869
-0.024639453
-0.025064535
-0.025479951
-0.025885542
-0.026281151
-0.026666625
-0.027041817
-0.027406581
-0.027760776
-0.028104267
-0.028436921
-0.02875861
-0.029069209
-0.029368599
-0.029656666
-0.029933296
-0.030198385
-0.03045183
-0.030693534
-0.030923402
-0.031141347
-0.031347286
-0.031541137
-0.031722827
-0.031892287
-0.03204945
-0.032194256
-0.032326649
-0.032446579
-0.032553999
-0.032648868
-0.03273115
-0.032800812
-0.032857829
-0.032902178
-0.032933842
-0.03295281
-0.032959073
-0.03295263
-0.032933483
-0.03290164
-0.032857114
-0.03279992
-0.032730082
-0.032647627
-0.032552586
-0.032444996
-0.032324899
-0.032192341
-0.032047373
-0.031890052
-0.031720438
-0.031538596
-0.031344597
-0.031138516
-0.030920432
-0.030690429
-0.030448596
-0.030195026
-0.029929818
-0.029653073
-0.029364899
-0.029065406
-0.02875471
-0.02843293
-0.028100192
-0.027756622
-0.027402355
-0.027037526
-0.026662275
-0.026276749
-0.025881094
-0.025475465
-0.025060017
-0.02463491
-0.024200309
-0.023756381
-0.023303297
-0.022841232
-0.022370363
-0.021890874
-0.021402947
-0.020906772
-0.020402539
-0.019890443
-0.019370682
-0.018843456
-0.018308967
-0.017767422
-0.017219031
-0.016664003
-0.016102553
-0.015534898
-0.014961256
-0.014381848
-0.013796898
-0.013206631
-0.012611274
-0.012011057
-0.011406212
-0.010796971
-0.010183569
-0.0095662433
-0.0089452307
-0.0083207709
-0.0076931045
-0.0070624736
-0.006429121
-0.0057932909
-0.0051552282
-0.004515179
-0.0038733898
-0.0032301079
-0.0025855813
-0.0019400583
-0.0012937877
-0.00064701852
0
