0
-0.00049784491
-0.0009955762
-0.0014930803
-0.0019902436
-0.0024869528
-0.0029830944
-0.0034785551
-0.0039732221
-0.0044669823
-0.004959723
-0.0054513319
-0.0059416967
-0.0064307055
-0.0069182467
-0.0074042092
-0.0078884818
-0.0083709542
-0.0088515163
-0.0093300583
-0.0098064711
-0.010280646
-0.010752475
-0.01122185
-0.011688663
-0.01215281
-0.012614183
-0.013072677
-0.013528189
-0.013980613
-0.014429846
-0.014875786
-0.015318332
-0.015757382
-0.016192836
-0.016624595
-0.01705256
-0.017476634
-0.017896719
-0.018312721
-0.018724543
-0.019132093
-0.019535276
-0.019934002
-0.020328179
-0.020717717
-0.021102527
-0.021482522
-0.021857615
-0.02222772
-0.022592753
-0.02295263
-0.02330727
-0.023656592
-0.024000515
-0.024338962
-0.024671855
-0.024999118
-0.025320677
-0.025636458
-0.02594639
-0.026250401
-0.026548422
-0.026840386
-0.027126225
-0.027405875
-0.027679271
-0.027946352
-0.028207056
-0.028461324
-0.028709098
-0.028950322
-0.02918494
-0.0294129
-0.029634148
-0.029848635
-0.030056312
-0.030257131
-0.030451046
-0.030638014
-0.030817992
-0.030990938
-0.031156814
-0.031315581
-0.031467204
-0.031611647
-0.031748879
-0.031878867
-0.032001581
-0.032116995
-0.032225082
-0.032325817
-0.032419177
-0.032505141
-0.03258369
-0.032654805
-0.03271847
-0.032774671
-0.032823395
-0.032864631
-0.03289837
-0.032924604
-0.032943327
-0.032954535
-0.032958225
-0.032954397
-0.032943051
-0.032924191
-0.032897819
-0.032863944
-0.032822571
-0.032773712
-0.032717376
-0.032653577
-0.03258233
-0.03250365
-0.032417556
-0.032324068
-0.032223206
-0.032114994
-0.031999457
-0.031876621
-0.031746514
-0.031609165
-0.031464607
-0.031312872
-0.031153995
-0.030988012
-0.03081496
-0.030634881
-0.030447814
-0.030253802
-0.03005289
-0.029845123
-0.029630549
-0.029409218
-0.029181178
-0.028946483
-0.028705186
-0.028457342
-0.028203008
-0.027942242
-0.027675102
-0.027401651
-0.027121951
-0.026836064
-0.026544058
-0.026245997
-0.025941951
-0.025631989
-0.025316181
-0.024994599
-0.024667317
-0.024334409
-0.023995952
-0.023652023
-0.023302699
-0.022948061
-0.02258819
-0.022223167
-0.021853077
-0.021478003
-0.021098031
-0.020713247
-0.02032374
-0.019929599
-0.019530912
-0.019127771
-0.018720269
-0.018308497
-0.017892551
-0.017472524
-0.017048512
-0.016620613
-0.016188924
-0.015753543
-0.01531457
-0.014872104
-0.014426247
-0.013977101
-0.013524767
-0.013069349
-0.012610951
-0.012149677
-0.011685632
-0.011218923
-0.010749655
-0.010277937
-0.0098038743
-0.0093275763
-0.0088491513
-0.0083687085
-0.0078863574
-0.0074022079
-0.0069163706
-0.0064289561
-0.0059400756
-0.0054498407
-0.004958363
-0.0044657547
-0.0039721281
-0.0034775957
-0.0029822703
-0.0024862649
-0.0019896926
-0.0014926666
-0.00099530019
-0.00049770684
0
