0
-0.00086300586
-0.00172542
-0.0025866512
-0.0034461088
-0.0043032037
-0.0051573481
-0.0060079565
-0.0068544457
-0.0076962352
-0.008532748
-0.0093634106
-0.010187653
-0.011004911
-0.011814624
-0.012616236
-0.013409199
-0.014192968
-0.014967006
-0.015730783
-0.016483774
-0.017225465
-0.017955346
-0.018672916
-0.019377685
-0.020069169
-0.020746894
-0.021410396
-0.022059219
-0.022692919
-0.023311062
-0.023913224
-0.024498992
-0.025067966
-0.025619754
-0.026153979
-0.026670275
-0.027168288
-0.027647677
-0.028108113
-0.028549281
-0.028970879
-0.029372618
-0.029754222
-0.03011543
-0.030455996
-0.030775685
-0.031074279
-0.031351573
-0.031607377
-0.031841517
-0.032053832
-0.032244177
-0.032412421
-0.03255845
-0.032682163
-0.032783476
-0.032862321
-0.032918642
-0.032952402
-0.032963578
-0.032952162
-0.032918163
-0.032861603
-0.032782523
-0.032680976
-0.032557033
-0.032410778
-0.032242312
-0.03205175
-0.031839225
-0.03160488
-0.031348878
-0.031071393
-0.030772617
-0.030452753
-0.030112023
-0.029750658
-0.029368908
-0.028967033
-0.02854531
-0.028104027
-0.027643488
-0.027164007
-0.026665914
-0.02614955
-0.025615269
-0.025063437
-0.024494432
-0.023908645
-0.023306477
-0.02268834
-0.022054659
-0.021405867
-0.020742409
-0.02006474
-0.019373324
-0.018668636
-0.017951157
-0.017221379
-0.016479803
-0.015726937
-0.014963296
-0.014189404
-0.013405791
-0.012612994
-0.011811556
-0.011002025
-0.010184958
-0.0093609132
-0.0085304553
-0.0076941535
-0.0068525806
-0.0060063133
-0.0051559311
-0.0043020169
-0.0034451554
-0.0025859338
-0.0017249407
-0.00086276588
0
