0
-0.00045823385
-0.00091637911
-0.0013743472
-0.0018320497
-0.002289398
-0.0027463037
-0.0032026785
-0.0036584342
-0.0041134827
-0.0045677361
-0.0050211064
-0.0054735061
-0.0059248477
-0.006375044
-0.0068240079
-0.0072716527
-0.0077178918
-0.008162639
-0.0086058083
-0.009047314
-0.0094870707
-0.0099249936
-0.010360998
-0.010794999
-0.011226914
-0.011656658
-0.01208415
-0.012509305
-0.012932042
-0.013352279
-0.013769935
-0.01418493
-0.014597182
-0.015006613
-0.015413143
-0.015816694
-0.016217187
-0.016614545
-0.017008692
-0.017399551
-0.017787047
-0.018171104
-0.018551649
-0.018928608
-0.019301909
-0.019671478
-0.020037245
-0.020399139
-0.020757089
-0.021111028
-0.021460886
-0.021806596
-0.022148091
-0.022485304
-0.022818172
-0.023146629
-0.023470612
-0.023790058
-0.024104907
-0.024415096
-0.024720566
-0.025021258
-0.025317114
-0.025608076
-0.025894089
-0.026175097
-0.026451046
-0.026721882
-0.026987554
-0.02724801
-0.027503199
-0.027753073
-0.027997583
-0.028236681
-0.028470322
-0.028698461
-0.028921053
-0.029138056
-0.029349427
-0.029555126
-0.029755112
-0.029949348
-0.030137797
-0.03032042
-0.030497184
-0.030668054
-0.030832996
-0.030991981
-0.031144975
-0.031291951
-0.031432879
-0.031567733
-0.031696486
-0.031819114
-0.031935593
-0.0320459
-0.032150014
-0.032247916
-0.032339585
-0.032425005
-0.032504159
-0.032577032
-0.032643609
-0.032703879
-0.032757829
-0.032805448
-0.032846728
-0.032881662
-0.032910241
-0.032932461
-0.032948317
-0.032957806
-0.032960927
-0.032957679
-0.032948062
-0.032932079
-0.032909733
-0.032881027
-0.032845968
-0.032804563
-0.032756819
-0.032702745
-0.032642353
-0.032575654
-0.03250266
-0.032423387
-0.032337848
-0.032246062
-0.032148045
-0.032043816
-0.031933397
-0.031816807
-0.03169407
-0.03156521
-0.031430251
-0.03128922
-0.031142143
-0.030989049
-0.030829969
-0.030664931
-0.03049397
-0.030317117
-0.030134406
-0.029945874
-0.029751556
-0.029551491
-0.029345716
-0.029134272
-0.028917199
-0.02869454
-0.028466337
-0.028232635
-0.027993479
-0.027748914
-0.027498989
-0.027243751
-0.026983251
-0.026717537
-0.026446662
-0.026170678
-0.025889639
-0.025603598
-0.025312611
-0.025016734
-0.024716024
-0.02441054
-0.024100341
-0.023785485
-0.023466035
-0.023142052
-0.022813599
-0.022480738
-0.022143535
-0.021802054
-0.021456362
-0.021106525
-0.020752611
-0.020394689
-0.020032826
-0.019667094
-0.019297563
-0.018924305
-0.018547391
-0.018166894
-0.017782888
-0.017395447
-0.017004646
-0.01661056
-0.016213266
-0.01581284
-0.015409359
-0.015002903
-0.014593548
-0.014181374
-0.013766461
-0.013348889
-0.012928738
-0.012506091
-0.012081027
-0.01165363
-0.011223983
-0.010792167
-0.010358266
-0.0099223653
-0.0094845476
-0.009044898
-0.0086035013
-0.0081604428
-0.0077158081
-0.0072696831
-0.0068221539
-0.0063733071
-0.0059232292
-0.0054720072
-0.0050197283
-0.0045664798
-0.0041123493
-0.0036574246
-0.0032017933
-0.0027455437
-0.0022887637
-0.0018315417
-0.0013739659
-0.00091612473
-0.00045810661
0
