-0.012122
-0.0246158
-0.0373717
-0.0502777
-0.0632204
-0.0760863
-0.0887637
-0.101144
-0.113121
-0.124598
-0.135481
-0.145687
-0.155139
-0.163772
-0.17153
-0.178368
-0.184252
-0.189158
-0.193076
-0.196003
-0.197948
-0.19893
-0.198976
-0.198124
-0.196416
-0.193904
-0.190642
-0.186692
-0.182117
-0.176985
-0.171364
-0.165323
-0.15893
-0.152254
-0.14536
-0.138311
-0.131168
-0.123988
-0.116822
-0.109721
-0.102726
-0.0958772
-0.0892092
-0.0827514
-0.0765288
-0.0705616
-0.0648661
-0.0594541
-0.0543339
-0.04951
-0.0449838
-0.0407539
-0.0368163
-0.0331645
-0.0297906
-0.0266846
-0.0238356
-0.0212314
-0.0188593
-0.016706
-0.0147579
-0.0130013
-0.0114225
-0.0100081
-0.00874511
-0.00762088
-0.0066233
-0.00574086
-0.00496269
-0.00427855
-0.00367892
-0.00315493
-0.00269841
-0.00230187
-0.00195842
-0.00166184
-0.00140648
-0.00118725
-0.000999572
-0.00083937
-0.000703012
-0.000587278
-0.000489326
-0.000406658
-0.000337084
-0.000278693
-0.000229825
-0.000189038
-0.000155092
-0.000126915
-0.000103592
-8.43394e-05
-6.84898e-05
-5.54771e-05
-4.48226e-05
-3.61223e-05
-2.9037e-05
-2.32823e-05
-1.86209e-05
-1.48551e-05
-1.1821e-05
-9.38289e-06
-7.42888e-06
-5.867e-06
-4.62186e-06
-3.63183e-06
-2.84671e-06
-2.22572e-06
-1.73585e-06
-1.3504e-06
-1.04792e-06
-8.11167e-07
-6.26334e-07
-4.82413e-07
-3.70637e-07
-2.84051e-07
-2.17152e-07
-1.65596e-07
-1.25967e-07
-9.55846e-08
-7.23503e-08
-5.46281e-08
-4.11448e-08
-3.09129e-08
-2.31681e-08
-1.73207e-08
-1.29173e-08
-9.60953e-09
-7.1312e-09
-5.27901e-09
-3.89827e-09
-2.87159e-09
-2.11011e-09
-1.54675e-09
-1.13101e-09
-8.24985e-10
-6.00289e-10
-4.35722e-10
-3.15496e-10
-2.27885e-10
-1.642e-10
-1.18023e-10
-8.4625e-11
-6.05298e-11
-4.31896e-11
-3.07417e-11
-2.18282e-11
-1.54614e-11
-1.09249e-11
-7.70074e-12
-5.41487e-12
-3.79828e-12
-2.65784e-12
-1.85531e-12
-1.29195e-12
-8.97475e-13
-6.21934e-13
-4.29944e-13
-2.96501e-13
-2.0398e-13
-1.3999e-13
-9.5842e-14
-6.54579e-14
-4.45983e-14
-3.03126e-14
-2.05532e-14
-1.39023e-14
-9.38087e-15
-6.3147e-15
-4.24047e-15
-2.84072e-15
-1.89843e-15
-1.26566e-15
-8.41764e-16
-5.58496e-16
-3.69662e-16
-2.44086e-16
-1.60783e-16
-1.05655e-16
-6.92626e-17
-4.52968e-17
-2.95524e-17
-1.92341e-17
-1.24889e-17
-8.08977e-18
-5.22745e-18
-3.37054e-18
-2.16744e-18
-1.39002e-18
-8.89529e-19
-5.67581e-19
-3.6092e-19
-2.29101e-19
-1.44373e-19
-9.00919e-20
-5.43118e-20
-3.06978e-20
-1.42155e-20
