0.016146
0.0326365
0.0491698
0.0654412
0.0811493
0.0960011
0.109718
0.122043
0.132743
0.141616
0.148491
0.153237
0.155759
0.156004
0.153959
0.149651
0.143144
0.134541
0.123979
0.111622
0.0976641
0.0823187
0.0658175
0.0484044
0.0303302
0.0118484
-0.0067897
-0.0253399
-0.0435688
-0.0612573
-0.0782045
-0.0942297
-0.109175
-0.122905
-0.135312
-0.146311
-0.155844
-0.163878
-0.170401
-0.175425
-0.178982
-0.181122
-0.181912
-0.181432
-0.179773
-0.177035
-0.173326
-0.168755
-0.163437
-0.157484
-0.151007
-0.144115
-0.13691
-0.129489
-0.121944
-0.114357
-0.106804
-0.09935
-0.0920544
-0.084967
-0.0781296
-0.0715762
-0.0653335
-0.0594213
-0.0538529
-0.048636
-0.0437733
-0.0392627
-0.0350985
-0.0312716
-0.0277703
-0.0245807
-0.0216872
-0.0190732
-0.016721
-0.0146128
-0.0127306
-0.0110565
-0.00957307
-0.00826334
-0.00711117
-0.00610122
-0.00521902
-0.00445109
-0.00378492
-0.00320898
-0.0027127
-0.00228649
-0.00192166
-0.00161038
-0.00134564
-0.00112121
-0.000931543
-0.000771767
-0.000637588
-0.000525253
-0.000431497
-0.000353484
-0.000288769
-0.000235247
-0.000191115
-0.000154833
-0.000125094
-0.00010079
-8.09854e-05
-6.4895e-05
-5.186e-05
-4.13308e-05
-3.28503e-05
-2.60393e-05
-2.05849e-05
-1.62293e-05
-1.27611e-05
-1.00071e-05
-7.82658e-06
-6.10487e-06
-4.74925e-06
-3.68486e-06
-2.85145e-06
-2.2007e-06
-1.69399e-06
-1.30051e-06
-9.95813e-07
-7.60501e-07
-5.79273e-07
-4.40079e-07
-3.33459e-07
-2.52013e-07
-1.89964e-07
-1.42821e-07
-1.07098e-07
-8.0103e-08
-5.97572e-08
-4.44641e-08
-3.29995e-08
-2.44279e-08
-1.80363e-08
-1.32829e-08
-9.7571e-09
-7.14885e-09
-5.22444e-09
-3.80831e-09
-2.76895e-09
-2.00812e-09
-1.45264e-09
-1.04814e-09
-7.54358e-10
-5.41542e-10
-3.87779e-10
-2.76973e-10
-1.97328e-10
-1.40231e-10
-9.94031e-11
-7.02847e-11
-4.95708e-11
-3.48737e-11
-2.44724e-11
-1.71302e-11
-1.19608e-11
-8.33039e-12
-5.78739e-12
-4.01063e-12
-2.7724e-12
-1.91167e-12
-1.31487e-12
-9.02136e-13
-6.17415e-13
-4.21502e-13
-2.87039e-13
-1.94986e-13
-1.32125e-13
-8.93075e-14
-6.02162e-14
-4.05007e-14
-2.71728e-14
-1.81858e-14
-1.2141e-14
-8.08546e-15
-5.37133e-15
-3.55947e-15
-2.35299e-15
-1.55162e-15
-1.02065e-15
-6.69737e-16
-4.38393e-16
-2.86253e-16
-1.86462e-16
-1.21153e-16
-7.85129e-17
-5.07577e-17
-3.27224e-17
-2.10261e-17
-1.34647e-17
-8.56544e-18
-5.38514e-18
-3.28895e-18
-1.87357e-18
-8.53165e-19
