-0.0188
-0.0378235
-0.0565389
-0.0744187
-0.0909543
-0.10567
-0.118138
-0.127991
-0.134929
-0.138733
-0.13927
-0.136492
-0.130444
-0.121255
-0.10914
-0.0943887
-0.0773585
-0.0584643
-0.0381656
-0.0169538
0.00466154
0.0261666
0.0470569
0.0668502
0.0850986
0.101399
0.115402
0.12682
0.13543
0.141081
0.14369
0.143247
0.139807
0.13349
0.124474
0.112986
0.0992974
0.0837147
0.0665689
0.0482082
0.0289886
0.00926556
-0.0106142
-0.0303195
-0.0495411
-0.0679971
-0.085437
-0.101645
-0.116441
-0.129684
-0.14127
-0.151132
-0.159237
-0.165586
-0.17021
-0.173166
-0.174536
-0.174419
-0.172931
-0.170198
-0.166358
-0.161549
-0.155915
-0.149594
-0.142726
-0.135439
-0.127858
-0.120098
-0.112261
-0.104442
-0.0967224
-0.0891743
-0.0818575
-0.0748214
-0.0681054
-0.0617393
-0.0557442
-0.0501333
-0.0449128
-0.0400828
-0.0356382
-0.0315693
-0.027863
-0.0245034
-0.0214723
-0.01875
-0.016316
-0.0141491
-0.0122283
-0.0105326
-0.00904183
-0.00773636
-0.00659766
-0.00560825
-0.00475184
-0.00401331
-0.00337878
-0.00283559
-0.00237226
-0.00197846
-0.00164492
-0.0013634
-0.0011266
-0.000928094
-0.000762252
-0.000624159
-0.000509553
-0.000414751
-0.000336585
-0.000272343
-0.000219716
-0.000176739
-0.000141754
-0.000113364
-9.03977e-05
-7.18765e-05
-5.6986e-05
-4.50511e-05
-3.55144e-05
-2.79169e-05
-2.18826e-05
-1.71043e-05
-1.33317e-05
-1.03621e-05
-8.0315e-06
-6.20771e-06
-4.78474e-06
-3.67772e-06
-2.81902e-06
-2.15485e-06
-1.64264e-06
-1.24874e-06
-9.46706e-07
-7.15764e-07
-5.39685e-07
-4.05816e-07
-3.04326e-07
-2.27601e-07
-1.69759e-07
-1.26277e-07
-9.36794e-08
-6.93104e-08
-5.11432e-08
-3.76371e-08
-2.76239e-08
-2.02207e-08
-1.47623e-08
-1.07487e-08
-7.80561e-09
-5.65339e-09
-4.0838e-09
-2.94221e-09
-2.11417e-09
-1.51518e-09
-1.08305e-09
-7.72142e-10
-5.49045e-10
-3.89389e-10
-2.7544e-10
-1.94329e-10
-1.36748e-10
-9.59786e-11
-6.71896e-11
-4.69142e-11
-3.26726e-11
-2.26955e-11
-1.57245e-11
-1.08666e-11
-7.49021e-12
-5.14964e-12
-3.53139e-12
-2.41546e-12
-1.64795e-12
-1.12144e-12
-7.61197e-13
-5.1536e-13
-3.48031e-13
-2.34433e-13
-1.57512e-13
-1.05562e-13
-7.05663e-14
-4.7053e-14
-3.12951e-14
-2.07619e-14
-1.37391e-14
-9.06883e-15
-5.97104e-15
-3.92137e-15
-2.5686e-15
-1.67811e-15
-1.09323e-15
-7.09874e-16
-4.59062e-16
-2.94868e-16
-1.87025e-16
-1.15272e-16
-6.61235e-17
-3.0099e-17
