20  1000000  84  2.2  -1.547482  0.009407605  0.78825493  1.3570374  116.14073  3.1848506  59997750  2627.2244
20  1000000  98  2.22  -1.5220161  0.095938065  0.76863241  1.4077746  108.42963  3.6383361  63793138  2775.2306
20  1000000  88  2.24  -1.4930588  0.08267029  0.74272171  1.4920941  101.81117  4.5252495  68097247  2994.6926
20  1000000  85  2.26  -1.4579524  0.019218165  0.70522097  1.6019814  93.821193  5.862384  73346178  3272.9121
20  1000000  92  2.28  -1.4288403  0.011266045  0.67708528  1.6275851  86.93228  6.5256911  77795194  3384.3354
20  1000000  120  2.3  -1.3940481  0.087374285  0.63807234  1.6720595  77.057452  7.5788362  83107791  3538.078
20  1000000  117  2.32  -1.3609466  0.045026825  0.60100659  1.6539348  70.184481  8.2566342  88181234  3560.8556
20  1000000  91  2.34  -1.3293047  0.01623228  0.56449545  1.6240748  63.087837  8.6619185  93110922  3557.1137
20  1000000  91  2.36  -1.2959181  0.00838198  0.52441683  1.565284  55.549975  8.9495082  98341614  3487.2024
20  1000000  57  2.38  -1.2670947  0.020737505  0.49098748  1.4909293  49.418089  8.9746173  102917335  3378.088
20  1000000  48  2.4  -1.2378788  0.018549595  0.45613788  1.408145  43.439327  8.8197128  107598872  3244.3661
