20  1000000  77  2  -1.7452919  0.91099339  0.91099459  0.73001446  0.4031945  0.40275722  31683195  1168.0231
20  1000000  93  2.02  -1.7307018  0.90450357  0.90450357  0.76156394  0.44011958  0.44011958  33693603  1242.9942
20  1000000  81  2.04  -1.7144861  0.7145278  0.89653974  0.81183403  58.052903  0.55613271  35927377  1351.4114
20  1000000  80  2.06  -1.6978503  0.88802184  0.88802192  0.85459481  0.6524435  0.65241591  38274567  1450.6234
20  1000000  81  2.08  -1.68097  0.87945838  0.8794605  0.90148933  0.73868921  0.73797212  40677494  1560.0814
20  1000000  92  2.1  -1.6619336  0.50620466  0.86836817  0.962981  95.816626  0.9937463  43378675  1698.6985
20  1000000  132  2.12  -1.6416926  0.3728234  0.85636946  1.0299045  113.34803  1.2024907  46264972  1851.5211
20  1000000  84  2.14  -1.6211485  0.16027355  0.8438699  1.088116  129.73753  1.4330811  49225843  1993.2545
20  1000000  84  2.16  -1.598539  0.13008301  0.82839094  1.1607146  125.80533  1.85904  52527650  2166.1721
20  1000000  84  2.18  -1.5729238  0.068786185  0.8080203  1.2704757  121.5366  2.6071925  56259626  2415.1235
