40  1000000  315  2  -1.7455464  0.91120089  0.91120089  0.73287062  0.4213165  0.4213165  126578358  4690.372
40  1000000  360  2.02  -1.7306882  0.90442402  0.90442402  0.76595522  0.46136696  0.46136696  134804782  5000.6459
40  1000000  339  2.04  -1.7149469  0.89680031  0.89680031  0.81368431  0.58416332  0.58416332  143528788  5417.9658
40  1000000  323  2.06  -1.6983974  0.88856311  0.88856311  0.84794335  0.63861002  0.63861002  152829685  5757.3319
40  1000000  328  2.08  -1.6808854  0.87934892  0.87934892  0.90143841  0.76308197  0.76308197  162693105  6239.973
40  1000000  332  2.1  -1.6617775  0.86857416  0.86857416  0.96744435  0.96351926  0.96351926  173529439  6826.2873
40  1000000  346  2.12  -1.6423801  0.85710997  0.85711048  1.0288786  1.2853763  1.2847132  184691553  7398.7071
40  1000000  309  2.14  -1.6203892  0.84198043  0.84224278  1.1146372  2.3158727  1.9855163  197340813  8167.3484
40  1000000  315  2.16  -1.598044  0.82795515  0.82795515  1.1779516  1.9712437  1.9712437  210319127  8793.3613
40  1000000  322  2.18  -1.5731605  0.4250648  0.80766439  1.2907107  349.57162  3.4125925  224904372  9814.3579
