40  1000000  324  2.2  -1.54643  0.5074131  0.78479433  1.4052663  265.23873  4.559398  240605930  10882.382
40  1000000  376  2.22  -1.5147  0.45254132  0.74841148  1.6181495  265.19195  9.1010723  259360341  12759.821
40  1000000  345  2.24  -1.4833042  0.042340509  0.71422061  1.736577  374.68539  11.600843  278071415  13941.518
40  1000000  335  2.26  -1.4471985  0.054435014  0.66298977  1.9133166  327.05876  17.966896  299698234  15635.93
40  1000000  340  2.28  -1.4098458  0.014771949  0.60430787  2.0075871  280.08308  23.96393  322259455  16697.985
40  1000000  350  2.3  -1.3677444  0.01746791  0.52916244  1.9942305  223.37377  28.794455  347790089  16879.167
40  1000000  353  2.32  -1.3300457  0.05134545  0.46395429  1.865312  175.84665  29.214077  370993024  16063.769
40  1000000  331  2.34  -1.2944537  1.759875e-05  0.39584837  1.6935814  136.40206  29.259541  393118606  14837.399
40  1000000  323  2.36  -1.2598446  0.032684802  0.32878586  1.4866339  98.471238  25.907277  414831964  13247.93
40  1000000  275  2.38  -1.2332393  0.010955319  0.28950719  1.3389184  78.612641  22.347502  431947287  12134.671
40  1000000  160  2.4  -1.2087524  0.0028241462  0.26018809  1.2367634  64.664312  19.537734  447914511  11398.012
