50000 200 2e-06 0.005 0.1
0
-0.0039212254
-0.0078413377
-0.011759224
-0.015673774
-0.019583875
-0.023488419
-0.0273863
-0.031276412
-0.035157656
-0.039028933
-0.042889148
-0.046737213
-0.05057204
-0.054392551
-0.05819767
-0.061986327
-0.06575746
-0.069510012
-0.073242933
-0.076955182
-0.080645725
-0.084313533
-0.08795759
-0.091576887
-0.095170424
-0.09873721
-0.10227627
-0.10578662
-0.10926731
-0.1127174
-0.11613593
-0.119522
-0.12287467
-0.12619306
-0.12947627
-0.13272342
-0.13593366
-0.13910612
-0.14223998
-0.14533441
-0.1483886
-0.15140176
-0.1543731
-0.15730187
-0.1601873
-0.16302868
-0.16582526
-0.16857637
-0.17128129
-0.17393937
-0.17654994
-0.17911237
-0.18162603
-0.18409031
-0.18650463
-0.18886842
-0.1911811
-0.19344216
-0.19565106
-0.1978073
-0.19991039
-0.20195986
-0.20395526
-0.20589616
-0.20778213
-0.20961278
-0.21138773
-0.2131066
-0.21476907
-0.21637478
-0.21792344
-0.21941475
-0.22084844
-0.22222424
-0.22354191
-0.22480124
-0.22600201
-0.22714404
-0.22822716
-0.22925121
-0.23021606
-0.23112159
-0.23196769
-0.23275429
-0.23348131
-0.2341487
-0.23475643
-0.23530448
-0.23579285
-0.23622155
-0.23659061
-0.23690008
-0.23715002
-0.23734052
-0.23747165
-0.23754354
-0.23755631
-0.23751009
-0.23740504
-0.23724134
-0.23701915
-0.23673868
-0.23640015
-0.23600377
-0.23554979
-0.23503846
-0.23447005
-0.23384483
-0.23316309
-0.23242515
-0.23163132
-0.23078193
-0.22987732
-0.22891784
-0.22790386
-0.22683576
-0.22571392
-0.22453874
-0.22331064
-0.22203003
-0.22069735
-0.21931303
-0.21787753
-0.2163913
-0.21485481
-0.21326856
-0.21163301
-0.20994868
-0.20821606
-0.20643567
-0.20460803
-0.20273368
-0.20081314
-0.19884698
-0.19683573
-0.19477996
-0.19268024
-0.19053715
-0.18835125
-0.18612314
-0.18385342
-0.18154268
-0.17919153
-0.17680057
-0.17437043
-0.17190173
-0.16939509
-0.16685115
-0.16427053
-0.1616539
-0.15900188
-0.15631513
-0.15359431
-0.15084007
-0.14805307
-0.14523399
-0.14238348
-0.13950223
-0.13659091
-0.1336502
-0.13068079
-0.12768335
-0.12465858
-0.12160716
-0.1185298
-0.11542718
-0.11230001
-0.10914899
-0.10597482
-0.1027782
-0.099559843
-0.096320457
-0.093060753
-0.089781443
-0.086483239
-0.083166859
-0.079833018
-0.076482435
-0.073115829
-0.069733921
-0.066337433
-0.062927087
-0.059503607
-0.056067718
-0.052620146
-0.049161617
-0.045692859
-0.042214599
-0.038727565
-0.035232487
-0.031730095
-0.028221119
-0.024706288
-0.021186335
-0.01766199
-0.014133985
-0.010603051
-0.007069921
-0.0035353266
0
