1
0.988721
0.976957
0.965631
0.954906
0.944098
0.933753
0.923049
0.91186
0.901482
0.890815
0.879873
0.869081
0.85824
0.847867
0.837098
0.825816
0.814741
0.803894
0.793107
0.782499
0.771482
0.760727
0.750325
0.739855
0.729635
0.719401
0.709008
0.698544
0.687501
0.676297
0.66555
0.654968
0.644838
0.634872
0.624512
0.614105
0.603111
0.591866
0.580722
0.570825
0.561342
0.551012
0.540401
0.530069
0.520003
0.510023
0.50007
0.490184
0.479953
0.46963
0.459419
0.449807
0.440281
0.430362
0.420716
0.410991
0.401195
0.391615
0.382083
0.372376
0.362767
0.353436
0.343932
0.334525
0.325317
0.316115
0.306833
0.297582
0.288152
0.278863
0.26945
0.260167
0.251156
0.242208
0.233032
0.223788
0.214731
0.205552
0.196385
0.187221
0.178167
0.16914
0.160107
0.151347
0.142425
0.13343
0.124337
0.115361
0.10643
0.0973219
0.0881776
0.0792621
0.0704034
0.061549
0.0527726
0.0439646
0.035149
0.0264612
0.0176668
0.0088027
0
