1
0.967313
0.934759
0.902381
0.869865
0.838013
0.806113
0.774753
0.743569
0.713538
0.683158
0.653602
0.623942
0.595847
0.568105
0.541119
0.514304
0.489011
0.463658
0.439567
0.415383
0.392506
0.369847
0.349199
0.328255
0.30854
0.288863
0.271178
0.253396
0.23688
0.2205
0.206125
0.191968
0.178996
0.165514
0.153337
0.141567
0.131261
0.120533
0.110972
0.101805
0.0939613
0.0860622
0.0790507
0.071998
0.0660535
0.0600827
0.054859
0.0497084
0.0453583
0.0409197
0.0371802
0.0336184
0.0306273
0.0273743
0.0246738
0.022027
0.0198398
0.0177036
0.0159151
0.0141615
0.0126944
0.0111834
0.0099946
0.0088507
0.0079738
0.0070741
0.006323
0.0055861
0.0049662
0.0043172
0.0038127
0.0033
0.0029083
0.0024996
0.0021566
0.00187
0.0016626
0.0014141
0.0012181
0.0010319
0.0008815
0.0007382
0.0006396
0.0005473
0.0004807
0.0004008
0.0003447
0.0002936
0.0002565
0.0002188
0.0001878
0.000162
0.0001409
0.0001135
9.46e-05
7.49e-05
5.75e-05
4.03e-05
2.36e-05
1.1e-05
0
