1
0.942954
0.887135
0.832738
0.779496
0.726719
0.675249
0.622358
0.574615
0.528102
0.484758
0.440614
0.399328
0.357461
0.321893
0.287531
0.258637
0.230332
0.206124
0.180649
0.159417
0.138322
0.121282
0.104848
0.091744
0.078108
0.067376
0.056628
0.048344
0.04002
0.033732
0.027966
0.023989
0.019749
0.01664
0.013515
0.011198
0.008909
0.007195
0.005554
0.004686
0.003779
0.003112
0.002346
0.001848
0.001458
0.001203
0.000897
0.000704
0.000519
0.000414
0.00029
0.000221
0.00017
0.000146
0.000108
7.8e-05
5e-05
3.4e-05
2.1e-05
1.5e-05
8e-06
8e-06
6e-06
3e-06
2e-06
2e-06
0
0
0
0
0
0
0
0
0
0
0
0
0
0
0
0
0
0
0
0
0
0
0
0
0
0
0
0
0
0
0
0
0
0
0
