1
0.989289
0.976013
0.962066
0.949277
0.93761
0.927769
0.916713
0.904521
0.893906
0.88383
0.875016
0.865067
0.851314
0.837514
0.825621
0.815191
0.805303
0.794592
0.783116
0.773531
0.764163
0.753772
0.742706
0.731436
0.720829
0.709615
0.699991
0.692634
0.682355
0.668788
0.656136
0.645841
0.635866
0.624584
0.613674
0.604128
0.592872
0.580798
0.569607
0.55959
0.550936
0.542429
0.531948
0.521682
0.51213
0.502293
0.493257
0.484454
0.475492
0.465388
0.454254
0.444704
0.43503
0.425469
0.416313
0.406463
0.397579
0.389361
0.380346
0.370704
0.361626
0.352271
0.342705
0.333722
0.3246
0.315619
0.306802
0.296778
0.286972
0.278048
0.269523
0.260517
0.250808
0.240942
0.230444
0.220488
0.211244
0.202444
0.193953
0.185487
0.177069
0.167899
0.159484
0.151811
0.143265
0.134184
0.124262
0.114515
0.105399
0.096179
0.087932
0.080037
0.071034
0.062144
0.053366
0.043962
0.03488
0.026425
0.017669
0.008805
0
