1
0.943445
0.88781
0.832167
0.77803
0.724475
0.673502
0.621488
0.572927
0.525071
0.481358
0.437529
0.397752
0.357726
0.323123
0.288676
0.259095
0.229431
0.204504
0.179608
0.15887
0.138057
0.121001
0.104075
0.0906724
0.0771677
0.066636
0.0562111
0.048205
0.0401588
0.0341193
0.0280687
0.0237556
0.0194155
0.0162445
0.0131319
0.0109829
0.0088195
0.0072668
0.0057264
0.0047194
0.0036578
0.0029573
0.0022938
0.0018587
0.0014203
0.0011422
0.000874
0.000707
0.0005308
0.000425
0.0003067
0.0002343
0.0001707
0.0001311
9.27e-05
7.52e-05
5.33e-05
3.84e-05
2.9e-05
2.5e-05
1.69e-05
1.29e-05
9.5e-06
6.7e-06
4.4e-06
2.5e-06
1.3e-06
1.4e-06
9e-07
7e-07
5e-07
4e-07
4e-07
2e-07
0
0
0
0
0
0
0
0
0
0
0
0
0
0
0
0
0
0
0
0
0
0
0
0
0
0
0
