1
0.989775
0.979099
0.969155
0.959638
0.949776
0.940341
0.930481
0.920305
0.910967
0.901207
0.891063
0.881175
0.871476
0.861938
0.851838
0.84131
0.831032
0.821017
0.810929
0.801229
0.791212
0.781296
0.771752
0.762153
0.75269
0.742966
0.733203
0.723381
0.712896
0.702312
0.692294
0.682299
0.672661
0.663064
0.653438
0.643779
0.633376
0.622468
0.611507
0.601828
0.592781
0.582709
0.572309
0.56221
0.552446
0.542819
0.533067
0.523316
0.513319
0.503013
0.492818
0.483225
0.473614
0.463551
0.453782
0.443906
0.43398
0.424168
0.414453
0.404407
0.394525
0.384993
0.375365
0.365774
0.356119
0.346438
0.336648
0.326806
0.317019
0.307294
0.297233
0.287255
0.27756
0.267906
0.257967
0.247932
0.238085
0.228104
0.218242
0.208273
0.1985
0.188661
0.178787
0.169133
0.159157
0.149178
0.139266
0.129452
0.119494
0.109242
0.098939
0.0888801
0.079035
0.0691836
0.0592685
0.049321
0.0394481
0.0296691
0.0197931
0.009862
0
