1
0.980022
0.959926
0.939712
0.919837
0.900042
0.880378
0.860257
0.840265
0.821126
0.802388
0.783508
0.764861
0.746035
0.727379
0.708356
0.689632
0.670665
0.652442
0.634763
0.617211
0.599294
0.582254
0.565537
0.548884
0.532253
0.516505
0.500889
0.484992
0.46908
0.454175
0.439347
0.424866
0.41007
0.396245
0.382316
0.368839
0.355316
0.3419
0.328623
0.316569
0.304648
0.293097
0.281538
0.270683
0.259949
0.249743
0.239436
0.22991
0.220174
0.210758
0.201444
0.192927
0.184414
0.176096
0.168048
0.160752
0.153334
0.146396
0.13955
0.132917
0.126202
0.120292
0.114271
0.108601
0.102933
0.0978211
0.0928656
0.0882496
0.0834917
0.0791171
0.0747193
0.0706179
0.066594
0.0629183
0.0591832
0.0557009
0.0520956
0.0487911
0.0457544
0.0429763
0.0400541
0.0372566
0.0345038
0.0321265
0.0297122
0.0274317
0.0252372
0.0232321
0.0212613
0.0193163
0.0172944
0.0154153
0.0135732
0.0118226
0.0100863
0.0084066
0.0066305
0.0049609
0.0033058
0.0016473
0
