1
0.775369
0.780699
0.769777
0.752855
0.73533
0.71928
0.703114
0.686809
0.670441
0.653885
0.638391
0.622629
0.606853
0.591799
0.576893
0.561262
0.545971
0.531176
0.516221
0.501326
0.487338
0.473064
0.459655
0.445842
0.433382
0.420565
0.407817
0.394966
0.382175
0.369707
0.357805
0.345359
0.334273
0.322914
0.311208
0.300077
0.289518
0.279393
0.269213
0.259324
0.249203
0.239596
0.230428
0.221263
0.212745
0.204517
0.195649
0.187519
0.179572
0.17205
0.164738
0.157445
0.150195
0.143499
0.137187
0.13085
0.125229
0.119207
0.113548
0.108317
0.103325
0.098283
0.0935858
0.0889426
0.0841134
0.079859
0.0758072
0.0717407
0.0680222
0.064385
0.0611281
0.0577223
0.0545315
0.0514682
0.048607
0.0455399
0.0428162
0.0400836
0.0376338
0.0352013
0.0328058
0.030534
0.0283798
0.0263354
0.0243212
0.0222296
0.0204002
0.018689
0.0169783
0.0152972
0.0135374
0.0119503
0.0103541
0.00884
0.0073768
0.0058218
0.0043393
0.0027838
0.0010937
0
