1
0.751794
0.721728
0.679147
0.633458
0.588559
0.545459
0.503976
0.464264
0.425886
0.389246
0.354304
0.321143
0.290115
0.261149
0.233734
0.208478
0.185574
0.164282
0.144805
0.127304
0.111186
0.096839
0.0838758
0.0720589
0.061828
0.0529573
0.0451352
0.0384594
0.0324016
0.0273431
0.022895
0.0190703
0.0159036
0.0131663
0.0108394
0.008815
0.007127
0.0058348
0.004678
0.0037536
0.0029985
0.0023895
0.0018952
0.0014978
0.0011742
0.0008931
0.0006891
0.0005298
0.0004
0.000314
0.0002314
0.0001719
0.0001271
9.44e-05
7.05e-05
5.8e-05
4.28e-05
3.23e-05
2.13e-05
1.21e-05
1e-05
8.7e-06
7e-06
5.2e-06
4.7e-06
2.7e-06
2.7e-06
1.7e-06
9e-07
6e-07
4e-07
1e-07
1e-07
1e-07
1e-07
0
0
0
0
0
0
0
0
0
0
0
0
0
0
0
0
0
0
0
0
0
0
0
0
0
