1
0.781074
0.794972
0.791797
0.782825
0.772655
0.762843
0.753466
0.743622
0.734323
0.724944
0.715677
0.70668
0.69716
0.688051
0.67908
0.669614
0.661287
0.652972
0.644135
0.634742
0.626983
0.618365
0.609415
0.600521
0.591774
0.583426
0.574603
0.56584
0.557441
0.548534
0.54022
0.531787
0.52285
0.514478
0.505732
0.497676
0.489455
0.481328
0.472268
0.464092
0.455948
0.447661
0.439453
0.430881
0.422293
0.414114
0.406385
0.398363
0.389904
0.381586
0.373507
0.36537
0.356881
0.348786
0.340658
0.332182
0.324512
0.316482
0.308368
0.300235
0.292163
0.284427
0.276792
0.269025
0.261172
0.253266
0.245695
0.237981
0.230289
0.222786
0.215408
0.20812
0.200523
0.193321
0.186071
0.178159
0.170232
0.162874
0.15555
0.148077
0.140888
0.133807
0.126363
0.118775
0.111264
0.103796
0.0960684
0.0886671
0.08144
0.0740469
0.0666861
0.0593976
0.052119
0.0444137
0.0372464
0.0299435
0.0224541
0.0144596
0.005694
0
