20  10  0  1  -1.988  0.997  0.997  0.0704  0.0044  0.0044   8
20  100  0  1  -1.9942  0.99855  0.99855  0.036144  0.002259  0.002259   44
20  1000  0  1  -1.99671  0.999155  0.999155  0.02683036  0.00184439  0.00184439   358
20  10000  1  1  -1.997057  0.9992485  0.9992485  0.0240835  0.0016290991  0.0016290991   3048
20  100000  11  1  -1.9972021  0.9992865  0.9992865  0.023005902  0.0015445671  0.0015445671   28922
20  1000000  113  1  -1.9971532  0.99927375  0.99927375  0.023424149  0.0015740373  0.0015740373   290050
20  10  0  2  -1.816  0.9435  0.9435  0.5364  0.15005  0.15005   206
20  100  0  2  -1.7618  0.9145  0.9145  1.314076  0.87115  0.87115   2974
20  1000  0  2  -1.75105  0.914115  0.914115  0.74175975  0.36911835  0.36911835   30962
20  10000  1  2  -1.743158  0.9098565  0.9098565  0.7226247  0.45378838  0.45378838   319710
20  100000  11  2  -1.74472  0.9107227  0.9107227  0.72388176  0.39036474  0.39036474   3179157
20  1000000  107  2  -1.7452965  0.91112376  0.91112376  0.72748571  0.38807627  0.38807627   31685523
20  10  0  3  -1.056  0.524  0.524  2.5024  4.3378667  4.3378667   1449
20  100  0  3  -0.8409  0.19185  0.22615  0.83645289  4.9087103  2.997057   18105
20  1000  0  3  -0.81831  0.01378  0.15285  0.42241084  4.8722749  1.7825103   184661
20  10000  2  3  -0.818203  0.003872  0.138499  0.40793337  3.8464757  1.2908783   1841339
20  100000  13  3  -0.8174731  0.00104445  0.13619375  0.4014271  3.8096924  1.3366728   18442393
20  1000000  117  3  -0.81708281  0.000425375  0.13636491  0.40256494  3.8447803  1.3654194   184478335
